,eval_timesteps,eval_mean_returns,eval_std_returns
0,250,9.066666666666666,0.24944382578492988
1,500,9.466666666666667,0.33993463423951886
2,750,9.866666666666667,0.4988876515698584
3,1000,14.333333333333334,7.183313998427188
4,1250,15.066666666666666,5.470730197047638
5,1500,30.06666666666667,28.823909828088517
6,1750,61.0,52.206853530504546
7,2000,36.86666666666667,8.242437611397358
8,2250,26.666666666666668,6.036923425424945
9,2500,39.06666666666666,24.15634262236088
10,2750,65.2,20.498888858775842
11,3000,100.8,23.68553238676396
12,3250,104.66666666666667,33.22917058516173
13,3500,126.06666666666665,28.61343895600263
14,3750,128.86666666666667,38.1695632088652
15,4000,150.33333333333331,51.65354672129387
16,4250,144.86666666666667,31.595076972352654
17,4500,174.0666666666667,61.62301157486184
18,4750,145.8,28.526478927480692
19,5000,144.06666666666666,22.577668416183087
20,5250,148.0,35.602122283806494
21,5500,136.33333333333331,17.722553114291657
22,5750,199.06666666666666,95.19649853504767
23,6000,210.8,89.5367336162464
24,6250,177.13333333333333,35.69413272669769
25,6500,192.33333333333334,79.53671409411436
26,6750,212.7333333333333,85.01801116364827
27,7000,193.2,53.226392784866505
28,7250,199.66666666666666,52.84106147474499
29,7500,231.93333333333334,128.0976016776097
30,7750,272.8,100.87166764425645
31,8000,213.4,85.04675838097012
32,8250,215.2,77.45352728500418
33,8500,197.73333333333332,44.8733526469527
34,8750,214.6,48.81775633243844
35,9000,197.2,35.79050153322806
36,9250,206.13333333333335,71.60186217317722
37,9500,184.66666666666666,49.01156326147263
38,9750,197.59999999999997,51.730240457374414
39,10000,192.39999999999998,64.54090864629106
40,10250,201.4,54.16329220258146
41,10500,170.40000000000003,39.8644369499098
42,10750,163.06666666666666,32.9601779930469
43,11000,179.06666666666666,42.965309003634296
44,11250,201.53333333333333,63.3875557362975
45,11500,185.26666666666665,62.04922776849577
46,11750,156.46666666666664,22.03593025543107
47,12000,154.20000000000002,37.91839190214222
48,12250,160.86666666666667,51.90615463400164
49,12500,159.4,38.06392284332006
50,12750,164.26666666666665,39.64980033577302
51,13000,186.0,62.92747147841447
52,13250,161.33333333333331,32.37626016423488
53,13500,191.93333333333334,82.43877189230267
54,13750,176.06666666666666,62.184099432429036
55,14000,188.2,74.18014109809533
56,14250,180.4,70.24857452092692
57,14500,164.73333333333332,41.67994455104011
58,14750,184.4,91.53078413541778
59,15000,171.06666666666666,106.73235477377774
60,15250,188.8,140.02675934739523
61,15500,174.26666666666665,116.34210091125415
62,15750,182.1333333333333,118.95986251206281
63,16000,224.13333333333335,148.70397140329212
64,16250,190.73333333333332,117.99517880923027
65,16500,187.6,125.00264886082303
66,16750,191.93333333333334,129.31862459316008
67,17000,188.6,110.49613366790511
68,17250,197.53333333333333,132.46628082480294
69,17500,183.6,108.42558123739371
70,17750,214.4666666666667,137.35883258418036
71,18000,213.5333333333333,133.95398878387724
72,18250,208.33333333333334,154.09823706540794
73,18500,213.9333333333333,146.91454810346198
74,18750,207.86666666666665,140.68808683672464
75,19000,208.26666666666665,152.10966803957962
76,19250,214.13333333333335,159.4296222301378
77,19500,204.66666666666666,135.90290651785193
78,19750,213.33333333333334,151.83104645185935
79,20000,211.8,159.68532945904718
80,20250,198.8,130.5469860071674
81,20500,201.2,142.22089235489358
82,20750,227.33333333333334,156.52702996962253
83,21000,213.6,128.24913255067264
84,21250,236.66666666666669,157.3521175227359
85,21500,234.53333333333336,154.1908773782245
86,21750,213.6,148.22961167653978
87,22000,202.13333333333335,122.34933591973434
88,22250,221.73333333333335,117.68666496723878
89,22500,226.53333333333336,125.70646584625453
90,22750,236.13333333333335,111.04765743689609
91,23000,205.93333333333334,99.7593548941095
92,23250,206.06666666666666,122.77140456058072
93,23500,202.66666666666669,148.4666816344851
94,23750,195.4,107.27066493480665
95,24000,209.73333333333335,125.53253672963746
96,24250,212.33333333333331,131.26851192202273
97,24500,186.26666666666665,121.20128345488389
98,24750,189.8,141.97896557823861
99,25000,188.66666666666669,144.9271081153097
100,25250,191.0,136.18810520746663
101,25500,197.93333333333334,133.67130499018023
102,25750,209.06666666666666,118.13276899789963
103,26000,193.53333333333336,119.11462266797193
104,26250,173.73333333333335,91.90270217282334
105,26500,161.73333333333335,108.60374456404959
106,26750,177.73333333333332,102.76216337846445
107,27000,170.4,135.02450806345408
108,27250,161.4,102.10634978622372
109,27500,175.6,106.19466402162901
110,27750,168.33333333333334,107.24012516052208
111,28000,176.0,125.98553708880854
112,28250,160.33333333333334,127.30383602494729
113,28500,184.6,143.39865178352736
114,28750,169.8,119.45498454787618
115,29000,186.46666666666664,100.08543017509258
116,29250,215.0666666666667,107.780311539518
117,29500,146.73333333333335,116.37934142755368
118,29750,170.46666666666664,111.02944554386362
119,30000,164.93333333333334,113.77666232092102
120,30250,229.06666666666666,123.54997189621515
121,30500,188.86666666666667,115.95259567790816
122,30750,234.93333333333334,138.56460987969155
123,31000,235.2,177.9386411097938
124,31250,238.2,171.19833851737906
125,31500,207.33333333333334,135.51285301894183
126,31750,161.6,97.41626603852608
127,32000,152.0,101.90082324386677
128,32250,145.13333333333335,108.56756217008632
129,32500,235.73333333333335,111.60414169933141
130,32750,243.6,151.7516099127489
131,33000,242.0,147.86284936461297
132,33250,243.2,144.30655640760824
133,33500,250.4666666666667,149.3057414985922
134,33750,225.2,110.82751363166899
135,34000,199.2,68.59757041373014
136,34250,253.86666666666665,141.63562012745555
137,34500,238.0,119.90681567135557
138,34750,215.8,94.20158054819345
139,35000,196.46666666666664,71.63071966691385
140,35250,199.2,76.85790641032176
141,35500,186.13333333333335,64.70363204643152
142,35750,179.53333333333336,79.20454532411634
143,36000,171.86666666666665,71.9875297842928
144,36250,175.4,81.04550162305947
145,36500,177.86666666666665,74.61504167689276
146,36750,186.2,69.69476307442332
147,37000,199.6,74.9134018569293
148,37250,216.86666666666665,76.60420644092883
149,37500,271.66666666666663,136.7391677611064
150,37750,270.4,137.01701435304386
151,38000,278.4,141.73675129149345
152,38250,270.5333333333333,141.36377030751393
153,38500,260.26666666666665,142.15600194465546
154,38750,272.8666666666667,140.98803731759182
155,39000,255.73333333333335,123.3607897366276
156,39250,244.46666666666664,107.28334239552548
157,39500,224.26666666666665,92.79832373965
158,39750,208.13333333333335,81.58066219665321
159,40000,187.13333333333335,66.61918308982447
160,40250,187.13333333333333,73.27440056239135
161,40500,186.2,69.10076378416923
162,40750,140.46666666666664,92.47764895127662
163,41000,142.06666666666666,87.04849223277793
164,41250,141.0,87.49628563544854
165,41500,164.0,64.83586113324083
166,41750,174.6,64.77564700135726
167,42000,176.53333333333336,58.05690694865208
168,42250,191.6,59.88336812319242
169,42500,182.8,58.46047097540924
170,42750,199.66666666666666,64.16194787843926
171,43000,211.2,63.87299899018364
172,43250,207.66666666666666,73.19380665967124
173,43500,235.73333333333335,80.75928567181747
174,43750,212.53333333333336,86.00118862227686
175,44000,236.9333333333333,101.43008538999769
176,44250,208.13333333333335,77.50171324271197
177,44500,228.2,103.17635388014057
178,44750,251.2,81.71810624879218
179,45000,204.93333333333334,87.90181391125492
180,45250,216.86666666666665,91.13959988208563
181,45500,248.86666666666665,86.89242391217621
182,45750,218.8,97.66509668817775
183,46000,221.6,105.48499630015846
184,46250,222.4666666666667,114.26725009574898
185,46500,206.66666666666666,109.548771482538
186,46750,203.0,105.49628745442497
187,47000,197.33333333333331,106.85670571169389
188,47250,192.4666666666667,104.07253880507255
189,47500,208.53333333333336,89.76750216222152
190,47750,213.4,109.96633828383827
191,48000,221.06666666666666,122.25845119618067
192,48250,201.66666666666669,100.7238248325037
193,48500,210.33333333333334,113.74572031021164
194,48750,187.2,106.04623729508012
195,49000,212.46666666666664,107.64439398108736
196,49250,230.1333333333333,120.98752920124547
197,49500,211.2666666666667,91.76767767938048
198,49750,191.6,80.05425937727763
199,50000,197.0,74.02792265985406
200,50250,198.80000000000004,59.79728719227617
201,50500,208.06666666666666,61.243920333187184
202,50750,226.0,47.99999999999999
203,51000,219.66666666666669,55.31003525581955
204,51250,252.93333333333334,49.34567413214208
205,51500,225.66666666666669,46.85106425922706
206,51750,246.53333333333336,54.789942304932
207,52000,259.6,36.570419132894216
208,52250,264.66666666666663,83.57617948780486
209,52500,269.1333333333333,80.7510853040241
210,52750,245.8,73.5598320341264
211,53000,292.73333333333335,110.69606035346416
212,53250,271.53333333333336,91.35829342636482
213,53500,256.06666666666666,71.6728369436815
214,53750,288.79999999999995,113.76869321371127
215,54000,278.3333333333333,94.19506946284986
216,54250,279.4,105.60311443218791
217,54500,273.4666666666667,76.01771723311172
218,54750,256.53333333333336,87.8252304927867
219,55000,287.4666666666667,50.403527213435716
220,55250,276.7333333333333,91.4377505312889
221,55500,268.8,77.03494156694234
222,55750,256.4,77.07525903657772
223,56000,247.66666666666666,76.6597098292911
224,56250,255.4,80.45741454679957
225,56500,269.73333333333335,47.83926792453618
226,56750,256.3333333333333,87.72760872914144
227,57000,258.0,96.38925712385632
228,57250,258.4,74.22739835577336
229,57500,248.66666666666669,77.11895573290224
230,57750,248.0666666666667,62.61785332918684
231,58000,250.4,84.81388775168578
232,58250,281.6,50.81793209313246
233,58500,247.1333333333333,71.74820168090936
234,58750,270.8,48.65872081252354
235,59000,243.1333333333333,87.60177573035327
236,59250,261.8666666666667,91.72655013680607
237,59500,249.33333333333334,95.19500453746977
238,59750,253.2,91.8860647154338
239,60000,237.6,82.27579635996644
240,60250,235.9333333333333,85.78484714680093
241,60500,256.73333333333335,91.19025289043903
242,60750,253.93333333333334,98.45052903192885
243,61000,254.73333333333335,98.71877002655349
244,61250,267.1333333333333,83.02519028717865
245,61500,259.93333333333334,89.85578569141902
246,61750,298.66666666666663,81.68965662799668
247,62000,268.33333333333337,97.69248805421132
248,62250,267.9333333333333,76.48889534508334
249,62500,274.93333333333334,66.53466932526398
250,62750,268.5333333333333,97.4030800334363
251,63000,265.4666666666667,77.83846521268688
252,63250,288.1333333333333,77.88327448460576
253,63500,260.33333333333337,102.56185125734291
254,63750,268.3333333333333,97.34246532503457
255,64000,294.6,79.40764027052644
256,64250,306.1333333333333,126.2495940587533
257,64500,284.8,80.7362234550129
258,64750,282.93333333333334,69.35012617147859
259,65000,263.66666666666663,77.14286890064578
260,65250,263.0,74.87441337184404
261,65500,258.1333333333333,76.78211597327423
262,65750,275.0,66.4667001002925
263,66000,261.8666666666667,102.7226254423911
264,66250,264.5333333333333,83.31802526064415
265,66500,297.8666666666667,132.36961719199599
266,66750,309.2,119.2455170366305
267,67000,324.0666666666667,92.73723931385686
268,67250,311.46666666666664,122.62510165359927
269,67500,311.73333333333335,110.79739266888107
270,67750,311.6,90.60669585264289
271,68000,302.06666666666666,98.48686319617566
272,68250,285.8666666666667,83.75164343329494
273,68500,267.93333333333334,97.65685957587527
274,68750,249.7333333333333,97.27930007058143
275,69000,256.33333333333337,90.08465154755524
276,69250,232.4,112.44858578232295
277,69500,231.33333333333331,130.5678197549287
278,69750,233.66666666666666,127.15712065524815
279,70000,234.6,120.20767215300546
280,70250,262.0,134.52765101973978
281,70500,246.2,116.9306727177357
282,70750,241.53333333333336,107.22843735585154
283,71000,253.8,84.0932286876364
284,71250,276.9333333333333,89.01595362630229
285,71500,276.26666666666665,82.87350467898519
286,71750,239.93333333333334,118.46619771057057
287,72000,246.6,109.61496248231808
288,72250,263.7333333333333,90.20086227722857
289,72500,262.1333333333333,100.64118882887308
290,72750,247.86666666666665,91.41324970824647
291,73000,255.53333333333336,107.58740116244508
292,73250,242.4,105.25554089400181
293,73500,278.2,117.33344696964194
294,73750,259.0,105.57125029518637
295,74000,268.8,101.94782979543997
296,74250,272.8,101.83485541688454
297,74500,281.93333333333334,100.31714155062876
298,74750,251.06666666666666,108.87003464886214
299,75000,243.2,124.38570836090634
300,75250,272.33333333333337,91.76394837964538
301,75500,273.33333333333337,109.05472632276573
302,75750,249.73333333333335,118.6517593632728
303,76000,252.33333333333331,110.02565357426624
304,76250,260.8666666666667,123.56979134615926
305,76500,274.06666666666666,112.9415581420566
306,76750,282.06666666666666,105.47151274159292
307,77000,257.8,121.00993531295042
308,77250,304.0,110.81455981353112
309,77500,278.6,115.58496634270585
310,77750,280.5333333333333,115.33922913639476
311,78000,259.8666666666667,128.02579601175867
312,78250,278.4,95.81032187493047
313,78500,282.0,120.00129628929477
314,78750,285.33333333333337,121.59842835241655
315,79000,275.46666666666664,120.68371886878529
316,79250,262.0666666666667,124.67957152459081
317,79500,252.86666666666665,130.99407959480035
318,79750,294.0,117.96138727943516
319,80000,272.7333333333333,143.14350220049187
320,80250,256.8,149.41881482002938
321,80500,273.6666666666667,124.62334363102997
322,80750,295.66666666666663,136.77475400574966
323,81000,281.53333333333336,139.21902807367167
324,81250,246.8,132.55063602680718
325,81500,275.6,138.2180885412615
326,81750,306.6,136.38628148673084
327,82000,260.6666666666667,143.86027171452784
328,82250,255.93333333333334,147.0959475233012
329,82500,277.66666666666663,147.95239474611793
330,82750,268.46666666666664,147.0157361191878
331,83000,250.33333333333334,142.39975031189095
332,83250,260.3333333333333,139.43999107541245
333,83500,257.8,159.31472694707864
334,83750,274.8,148.67587415433465
335,84000,278.46666666666664,142.41966156398493
336,84250,260.0,159.48291444540382
337,84500,268.46666666666664,164.30481158843494
338,84750,279.6666666666667,163.84776131790414
339,85000,310.4,148.74159546751616
340,85250,272.53333333333336,161.8257773725256
341,85500,295.93333333333334,139.33483252781966
342,85750,313.53333333333336,140.05421172611062
343,86000,291.33333333333337,143.14359534708106
344,86250,304.46666666666664,135.50835972572156
345,86500,283.7333333333333,149.8690391271289
346,86750,278.93333333333334,173.00962079863908
347,87000,268.33333333333337,165.46526993769888
348,87250,275.0,153.7839754691987
349,87500,329.46666666666664,143.34830929514928
350,87750,303.93333333333334,146.17286569903
351,88000,297.33333333333337,141.9532004257428
352,88250,293.6666666666667,147.62851275338983
353,88500,280.93333333333334,170.36006313426603
354,88750,288.2,151.05372112816903
355,89000,292.7333333333333,149.65492158815078
356,89250,280.8,157.55064088871376
357,89500,285.73333333333335,142.50417537742533
358,89750,321.26666666666665,133.18581839753892
359,90000,284.1333333333333,165.53812585356616
360,90250,279.4666666666667,142.2690096651801
361,90500,297.73333333333335,143.60027855126185
362,90750,285.06666666666666,141.15167570934307
363,91000,280.06666666666666,154.69847374094476
364,91250,288.8,144.22553326108536
365,91500,320.8,135.74675768585496
366,91750,292.26666666666665,147.9653713242092
367,92000,304.73333333333335,134.60137030836236
368,92250,298.06666666666666,139.01293305140914
369,92500,318.06666666666666,134.99010663337106
370,92750,291.4666666666667,136.690827132702
371,93000,308.2666666666667,132.5998826880661
372,93250,300.8,149.32032681453654
373,93500,300.1333333333333,156.46861240091147
374,93750,292.46666666666664,138.09748569599503
375,94000,286.66666666666663,144.54757002454244
376,94250,291.33333333333337,153.42374146280113
377,94500,316.1333333333333,148.51899990685814
378,94750,308.33333333333337,125.70476875953787
379,95000,330.33333333333337,122.00692147943448
380,95250,294.0666666666667,154.59486839262593
381,95500,299.8666666666667,136.5359700266238
382,95750,296.4,142.96812387537454
383,96000,298.0,137.6053939511255
384,96250,334.4,118.20686199295801
385,96500,298.0,144.52373891894408
386,96750,324.5333333333333,125.25220778715062
387,97000,338.33333333333337,125.79401151618201
388,97250,346.8,114.99518830513446
389,97500,323.7333333333333,157.44507331482654
390,97750,352.2,116.06695385758076
391,98000,339.33333333333337,131.0431650682748
392,98250,345.93333333333334,129.4905230337555
393,98500,346.06666666666666,148.8316573253897
394,98750,348.93333333333334,144.16185348420018
395,99000,372.46666666666664,125.67923898206543
396,99250,339.8,168.56750708379255
397,99500,358.8,140.35266691841346
398,99750,339.8666666666667,158.34373299179788
399,100000,361.0,139.19163448681502
400,100250,330.8666666666667,170.15921955627326
401,100500,361.73333333333335,146.3553362349472
402,100750,332.2,155.5764335195619
403,101000,326.2,133.27075198007
404,101250,308.93333333333334,134.75680151871947
405,101500,325.2,121.26181042136335
406,101750,291.06666666666666,141.8191963185677
407,102000,284.0,146.41235527706593
408,102250,274.8666666666667,148.1912578018315
409,102500,275.8666666666667,150.64728488905615
410,102750,294.73333333333335,127.90055164506178
411,103000,287.93333333333334,140.45219036304766
412,103250,281.26666666666665,140.14855610307862
413,103500,269.1333333333333,159.7572603114557
414,103750,281.93333333333334,133.67662473297264
415,104000,276.4666666666667,136.5559877038637
416,104250,280.93333333333334,151.61858578536985
417,104500,297.4,136.91074140150988
418,104750,276.8,142.68077811830312
419,105000,265.8666666666667,145.22788223264078
420,105250,281.1333333333333,150.2001035655805
421,105500,286.26666666666665,137.74943436060514
422,105750,251.13333333333335,158.62598918350184
423,106000,265.06666666666666,168.03748259110395
424,106250,283.4,150.1573101043628
425,106500,254.66666666666666,165.33346774188087
426,106750,268.0666666666667,150.41902952899426
427,107000,279.4666666666667,144.17498627246914
428,107250,259.66666666666663,157.54265736266126
429,107500,247.1333333333333,171.86643392795204
430,107750,255.0,171.67501597818801
431,108000,254.86666666666665,172.38427358021318
432,108250,235.1333333333333,190.85731727014178
433,108500,241.66666666666666,185.8422269919658
434,108750,262.66666666666663,170.4083983324244
435,109000,278.73333333333335,175.04074446317415
436,109250,264.5333333333333,167.0252941589653
437,109500,238.26666666666665,186.15995511626252
438,109750,238.33333333333331,182.80311205714682
439,110000,245.0666666666667,171.19234146940622
440,110250,255.2,166.97366392471733
441,110500,242.0,172.15767966218255
442,110750,289.33333333333337,173.7298029828056
443,111000,237.06666666666666,184.5297205812055
444,111250,231.0,180.97550478817107
445,111500,223.9333333333333,183.15487071510455
446,111750,247.7333333333333,173.06895221911475
447,112000,267.73333333333335,145.3485313154404
448,112250,255.66666666666666,155.3394848567342
449,112500,275.8666666666667,160.4932120406066
450,112750,264.5333333333333,147.18900925152136
451,113000,282.73333333333335,145.59691693927527
452,113250,293.4,142.2744452731332
453,113500,255.0666666666667,160.13236191767527
454,113750,274.4666666666667,137.66119440294145
455,114000,273.1333333333333,142.06518065858205
456,114250,269.26666666666665,146.85524240633094
457,114500,276.6666666666667,132.4911737102178
458,114750,264.93333333333334,147.46048811649703
459,115000,270.6,153.85280122391157
460,115250,271.1333333333333,139.95612010753783
461,115500,295.46666666666664,129.05547472135984
462,115750,264.0,149.45188746438322
463,116000,266.9333333333333,151.6827683760493
464,116250,285.9333333333333,129.82935809061917
465,116500,288.2,128.26285510622316
466,116750,268.6666666666667,145.25303592160972
467,117000,264.73333333333335,146.77320373056293
468,117250,281.1333333333333,132.25171286435406
469,117500,274.4,145.60576911647422
470,117750,292.73333333333335,124.58435785531914
471,118000,283.4,132.02935700483854
472,118250,293.26666666666665,122.73103383686893
473,118500,262.1333333333333,150.56495091635517
474,118750,261.0,161.02353175165976
475,119000,282.6,147.0067874472317
476,119250,255.53333333333336,155.25743496242333
477,119500,244.6,155.0452837076962
478,119750,292.73333333333335,142.79144076433838
479,120000,254.0,151.89923560629848
480,120250,251.73333333333335,156.96502087337095
481,120500,247.0,168.52154494636912
482,120750,251.0666666666667,168.7500979423584
483,121000,239.26666666666665,171.86343415630913
484,121250,232.93333333333334,170.76747023039513
485,121500,241.4666666666667,166.69887688750504
486,121750,247.33333333333334,160.04485482375108
487,122000,243.13333333333335,177.40757844266093
488,122250,254.8666666666667,163.81026965500192
489,122500,221.2,139.1478190830009
490,122750,231.8,174.00556823785203
491,123000,248.0666666666667,176.44519451281937
492,123250,237.4,172.41930801907824
493,123500,245.4,154.32928720398112
494,123750,256.06666666666666,148.81896533857653
495,124000,266.8,149.83154985961178
496,124250,278.1333333333333,109.91483571889245
497,124500,318.6,130.35991203842792
498,124750,282.5333333333333,115.16627592794303
499,125000,316.0,157.45052132865953
500,125250,310.8666666666667,102.99441193039983
501,125500,274.46666666666664,118.33785906838473
502,125750,300.8666666666667,134.08232960055219
503,126000,280.46666666666664,138.98226905296627
504,126250,285.66666666666663,102.39748260794522
505,126500,300.2666666666667,95.41078438928054
506,126750,267.93333333333334,114.06419245319718
507,127000,250.4666666666667,118.45854408469938
508,127250,262.7333333333333,144.89465905347313
509,127500,234.2,117.90384029180542
510,127750,255.66666666666666,127.05956608352372
511,128000,257.46666666666664,116.5652130306846
512,128250,251.6,119.46722470107764
513,128500,265.73333333333335,128.99550379761305
514,128750,291.0,86.52038937601806
515,129000,300.4,106.79687885576682
516,129250,263.9333333333333,142.6734266311238
517,129500,282.93333333333334,143.5286111624516
518,129750,293.26666666666665,132.99931495228756
519,130000,258.5333333333333,119.61189089904249
520,130250,302.0,131.21161872673048
521,130500,278.5333333333333,139.0733779141229
522,130750,320.8666666666667,146.3869453803097
523,131000,293.8,129.00535733922922
524,131250,325.4,104.92736111763753
525,131500,297.8,155.42266386999177
526,131750,281.0,128.23398752107633
527,132000,286.7333333333333,138.1186929178427
528,132250,265.26666666666665,117.52359573956014
529,132500,289.1333333333333,137.4684771946726
530,132750,297.33333333333337,140.76678901249716
531,133000,232.26666666666665,115.03707614890465
532,133250,275.1333333333333,136.1705792991521
533,133500,229.2,175.11058093546362
534,133750,218.8,146.72689672388708
535,134000,216.46666666666664,150.86382380588572
536,134250,223.93333333333334,151.6890679427273
537,134500,221.13333333333335,155.6564022311821
538,134750,214.8,157.4829232364929
539,135000,232.0,172.36872621730942
540,135250,234.13333333333335,166.8069542914803
541,135500,222.8,166.0169469261095
542,135750,229.7333333333333,154.38442638786825
543,136000,242.0,156.18393714534866
544,136250,231.0666666666667,153.64770671174296
545,136500,241.4,178.1804827820501
546,136750,271.2666666666667,142.76887304700247
547,137000,244.33333333333331,121.06508809543548
548,137250,264.0,152.97886564271985
549,137500,248.2,102.29100101616412
550,137750,202.66666666666666,120.26119721487707
551,138000,283.7333333333333,136.86934564678015
552,138250,235.46666666666664,86.72141860258307
553,138500,204.06666666666666,109.58637384881997
554,138750,237.26666666666665,112.1129192674362
555,139000,256.2666666666667,156.6467221347308
556,139250,238.86666666666665,159.58189816587037
557,139500,232.0,131.24955026377975
558,139750,258.8666666666667,106.4079362119616
559,140000,261.73333333333335,151.0520734345904
560,140250,287.66666666666663,135.99117618433925
561,140500,229.1333333333333,176.30108085633253
562,140750,279.73333333333335,152.24532833555187
563,141000,274.46666666666664,122.84671568892493
564,141250,238.33333333333334,124.83090785360633
565,141500,266.2,133.891929887088
566,141750,256.53333333333336,114.37552185673299
567,142000,249.6,114.02015416388261
568,142250,262.53333333333336,109.56086081362369
569,142500,306.6,124.035012977967
570,142750,262.6666666666667,102.23654489032339
571,143000,239.4,144.33655115735584
572,143250,273.8666666666667,130.69006593208732
573,143500,250.66666666666666,152.62663230540366
574,143750,252.1333333333333,124.60436946146346
575,144000,265.8666666666667,149.63371574912148
576,144250,310.46666666666664,124.32101815684891
577,144500,297.53333333333336,134.68079133846652
578,144750,282.66666666666663,154.9336775670301
579,145000,263.93333333333334,141.0762441613281
580,145250,297.2666666666667,143.5824811350218
581,145500,344.4,109.64779979552713
582,145750,275.0,116.6022679405889
583,146000,354.4,114.48908730141538
584,146250,288.0666666666667,105.61384589363482
585,146500,259.99999999999994,112.46550088311031
586,146750,260.59999999999997,105.83538580686938
587,147000,266.0,122.41877125488377
588,147250,252.93333333333334,103.3813651809003
589,147500,244.33333333333334,106.2479280843736
590,147750,268.9333333333333,161.55761270278236
591,148000,330.6666666666667,124.28426198750098
592,148250,251.6,101.99769060566463
593,148500,293.6,117.88551885433408
594,148750,271.0666666666667,139.61938738346237
595,149000,323.6666666666667,116.95203195232554
596,149250,284.6,100.70162748326254
597,149500,231.06666666666666,86.98285910326112
598,149750,280.2666666666667,111.25554168469792
599,150000,231.8,108.97596065187955
600,150250,263.8,134.2737833267868
601,150500,257.5333333333333,78.0705094414302
602,150750,282.73333333333335,103.02910052774195
603,151000,248.53333333333336,144.00009259256282
604,151250,252.93333333333334,168.65552005328627
605,151500,249.2666666666667,134.65122023625005
606,151750,219.2,133.80626127186855
607,152000,236.86666666666665,111.2801469764985
608,152250,296.6666666666667,127.03507827018139
609,152500,312.6,139.65726300880706
610,152750,238.86666666666665,178.17738976150207
611,153000,240.86666666666665,169.9756322404937
612,153250,221.66666666666666,158.95939383656722
613,153500,187.33333333333331,113.8496084021958
614,153750,240.6,128.42696151682654
615,154000,329.9333333333333,118.4433103969058
616,154250,318.2,127.44891787169739
617,154500,315.8666666666667,105.30244272781351
618,154750,287.8,131.90376963697605
619,155000,279.1333333333333,141.7416429047347
620,155250,320.66666666666663,102.9094531884975
621,155500,305.0666666666667,105.94975748490938
622,155750,251.33333333333334,103.80473121309174
623,156000,244.93333333333334,94.19705114516296
624,156250,278.46666666666664,104.13252240401278
625,156500,262.26666666666665,121.66244741542525
626,156750,286.93333333333334,144.4248978227477
627,157000,279.06666666666666,86.68035789291854
628,157250,300.66666666666663,95.09877905513707
629,157500,314.19999999999993,109.1084272129742
630,157750,274.4,110.95973243579051
631,158000,304.0666666666667,132.8436675193816
632,158250,289.06666666666666,114.54769021387264
633,158500,314.6,121.92664461333572
634,158750,286.46666666666664,134.79030627855502
635,159000,310.7333333333333,123.65155343410234
636,159250,330.53333333333336,111.18864850134459
637,159500,287.53333333333336,128.82263431210802
638,159750,346.1333333333333,152.43105545349565
639,160000,288.6666666666667,99.54116959552186
640,160250,259.26666666666665,118.17452254093423
641,160500,298.6,137.7902431636983
642,160750,280.40000000000003,97.01830296965161
643,161000,343.8,133.47735554933817
644,161250,355.0,139.2505336115848
645,161500,342.93333333333334,127.12677836623476
646,161750,364.66666666666663,139.34625139478197
647,162000,331.93333333333334,160.1655254902114
648,162250,355.46666666666664,137.75091852889966
649,162500,313.8,138.6746151568083
650,162750,331.7333333333333,165.71265625909336
651,163000,383.8666666666667,129.65777176003672
652,163250,381.5333333333333,136.53824860944033
653,163500,363.1333333333333,132.22264052221414
654,163750,370.06666666666666,124.38656590555821
655,164000,331.8,116.07442057193785
656,164250,300.26666666666665,141.29864354149572
657,164500,340.1333333333333,120.511981884698
658,164750,355.0,117.81812726024427
659,165000,330.8,135.10433828053866
660,165250,348.8,118.07824148043157
661,165500,347.3333333333333,126.50779510457933
662,165750,311.93333333333334,135.1140094718366
663,166000,346.8,117.82823657058324
664,166250,323.93333333333334,117.78594520947264
665,166500,294.6666666666667,132.77332396063434
666,166750,311.0,141.90215721482963
667,167000,382.6,115.09173153040432
668,167250,390.06666666666666,134.8087369407323
669,167500,338.2,125.52531395875673
670,167750,321.8666666666667,137.0000162205992
671,168000,321.1333333333333,124.82585202326212
672,168250,343.8666666666667,124.1809790408964
673,168500,366.2,116.18598117768865
674,168750,378.9333333333333,119.61482628280937
675,169000,362.66666666666663,120.16414699161402
676,169250,325.6666666666667,115.03371486462373
677,169500,349.0,118.75539753815168
678,169750,356.0,118.22107351154538
679,170000,324.66666666666663,122.96648143114267
680,170250,337.8,116.77130545548329
681,170500,319.66666666666663,140.820453059916
682,170750,316.46666666666664,135.76836483101977
683,171000,320.2,137.07931199775473
684,171250,327.1333333333333,115.33556837911424
685,171500,372.2,125.35258717358454
686,171750,302.8,135.06683119437167
687,172000,313.0666666666667,132.5435609735741
688,172250,308.66666666666663,131.05469596063062
689,172500,347.9333333333333,115.71774088511906
690,172750,382.33333333333337,128.17141300270944
691,173000,339.8666666666667,122.89880209162153
692,173250,319.7333333333333,153.02961223966497
693,173500,295.0666666666667,129.7583052362267
694,173750,340.06666666666666,122.19681756176067
695,174000,289.1333333333333,144.16111357320554
696,174250,305.93333333333334,129.551431228425
697,174500,315.8666666666667,140.24828776930656
698,174750,350.4,122.47655557969723
699,175000,332.3333333333333,131.44124162529812
700,175250,286.9333333333333,149.3383034887195
701,175500,308.2,139.66381858671278
702,175750,283.8,165.9909769970779
703,176000,287.33333333333337,150.6287562924896
704,176250,337.46666666666664,116.81373587420654
705,176500,253.33333333333331,172.75750506289313
706,176750,325.7333333333333,132.92912062866856
707,177000,304.33333333333337,160.73884962191863
708,177250,312.46666666666664,152.85542915520608
709,177500,278.93333333333334,172.6369858659751
710,177750,283.93333333333334,144.00299379603962
711,178000,297.4,135.22300921892776
712,178250,253.1333333333333,162.66866118995796
713,178500,310.6,156.06243764738664
714,178750,342.0666666666667,146.02973821946148
715,179000,309.4,167.94713453941392
716,179250,347.9333333333333,121.70207703878992
717,179500,305.06666666666666,128.6864233536528
718,179750,353.8666666666667,112.6052297976332
719,180000,357.6666666666667,150.52205449331632
720,180250,281.46666666666664,138.01796984450974
721,180500,324.6666666666667,125.1163014514451
722,180750,259.8666666666667,162.5995216611797
723,181000,345.26666666666665,116.8156001758517
724,181250,295.2,158.2645605026947
725,181500,383.0,128.59237924542808
726,181750,358.2,128.39446163202592
727,182000,304.8666666666667,142.22745476485505
728,182250,302.0,138.34642508331515
729,182500,359.8,121.96130533902956
730,182750,348.33333333333337,124.17854529310252
731,183000,316.0666666666667,137.02609646016742
732,183250,348.2666666666667,136.33217603420778
733,183500,391.1333333333333,142.9687767000582
734,183750,387.6,127.7153780003715
735,184000,333.7333333333333,124.20008946140992
736,184250,371.3333333333333,136.77897824186613
737,184500,338.8666666666667,128.26580041287525
738,184750,379.7333333333333,130.35224074279148
739,185000,387.53333333333336,123.42061776254764
740,185250,388.4,135.01710179743074
741,185500,364.1333333333333,124.98686153174482
742,185750,358.1333333333333,152.2238994230392
743,186000,341.53333333333336,163.96416952764068
744,186250,360.19999999999993,125.8428649811608
745,186500,335.2666666666667,126.04891466763563
746,186750,376.53333333333336,133.03576795567255
747,187000,390.26666666666665,140.08686194247085
748,187250,387.66666666666663,136.54335900690626
749,187500,371.66666666666663,133.6406458463226
750,187750,368.8666666666667,131.48123651516042
751,188000,360.0,137.6092697136029
752,188250,383.0,131.1670690379258
753,188500,369.9333333333333,141.14600793347134
754,188750,368.0,122.3853658644602
755,189000,400.2,134.92345154856432
756,189250,352.46666666666664,133.7702175789182
757,189500,390.2,132.21255613594346
758,189750,357.1333333333333,134.74050780832187
759,190000,336.2666666666667,120.91418444500215
760,190250,377.2,127.27478584193771
761,190500,405.1333333333333,129.250248226712
762,190750,366.2666666666667,118.31735103337783
763,191000,312.8,140.4050648025997
764,191250,385.0,147.44369923616418
765,191500,390.1333333333333,132.0428549962305
766,191750,384.9333333333333,135.86519462728896
767,192000,396.93333333333334,134.56157615670892
768,192250,318.4,128.7836083427459
769,192500,383.3333333333333,142.76211760205234
770,192750,372.4,132.69771830911202
771,193000,356.46666666666664,128.0450615126479
772,193250,328.6666666666667,123.99874551336755
773,193500,343.93333333333334,113.94041327719404
774,193750,329.4,142.23320443709494
775,194000,371.7333333333333,129.5560625109197
776,194250,353.8666666666667,144.18947411113075
777,194500,385.6666666666667,131.27528327906973
778,194750,346.6666666666667,126.17941371097128
779,195000,368.93333333333334,132.29989501969462
780,195250,355.3333333333333,159.58877710471305
781,195500,390.4,137.39082938828196
782,195750,342.8,133.97488985295382
783,196000,392.06666666666666,134.39186483315623
784,196250,376.1333333333333,137.76059749515542
785,196500,291.53333333333336,149.93755737343167
786,196750,388.33333333333337,132.91233535262592
787,197000,373.2,138.46806290421068
788,197250,380.1333333333333,136.39576402676312
789,197500,346.73333333333335,129.83072740217463
790,197750,388.66666666666663,137.4470403060353
791,198000,394.46666666666664,135.53541562591263
792,198250,392.26666666666665,138.14829391313927
793,198500,404.8666666666667,142.2576067093309
794,198750,385.2,134.6776563172641
795,199000,338.73333333333335,135.03306590938712
796,199250,383.6,131.54169596663172
797,199500,336.0,146.2377060359833
798,199750,344.66666666666663,126.7331404522467
799,200000,352.6,131.78339129883636
800,200250,366.33333333333337,123.5439642844243
801,200500,373.93333333333334,144.65382431477187
802,200750,384.0,138.03687108080138
803,201000,345.8,126.99284319292258
804,201250,376.2,135.02470555832036
805,201500,367.4,129.85297669116235
806,201750,392.0,134.35624287691286
807,202000,357.8666666666667,131.4981368689306
808,202250,373.7333333333333,129.19638797840543
809,202500,337.0,127.23993083933989
810,202750,384.8666666666667,146.5844618110816
811,203000,392.4666666666667,131.01511363197758
812,203250,353.93333333333334,129.3825335970818
813,203500,387.4,132.70525401974274
814,203750,361.73333333333335,127.1037021927808
815,204000,368.4,131.69820719272445
816,204250,356.8,143.11217045846706
817,204500,352.73333333333335,133.30873106356452
818,204750,350.6,138.60437703526296
819,205000,354.06666666666666,131.57868790617692
820,205250,334.8,135.86539090012747
821,205500,358.26666666666665,138.30745139402688
822,205750,378.3333333333333,135.72013688305637
823,206000,344.0,130.7176771179442
824,206250,363.73333333333335,154.93861149930746
825,206500,365.0,142.85003791855758
826,206750,341.7333333333333,134.47137654947656
827,207000,381.4666666666667,126.5312609594957
828,207250,342.93333333333334,125.43478163748858
829,207500,377.2,134.31482089148284
830,207750,396.93333333333334,136.57450551093183
831,208000,338.06666666666666,130.960282359025
832,208250,406.5333333333333,140.13051059637223
833,208500,353.0,143.5917051148073
834,208750,396.4,139.16982431547436
835,209000,384.66666666666663,148.26178049502695
836,209250,365.2,150.74814905810433
837,209500,353.93333333333334,152.68229905409615
838,209750,328.33333333333337,190.32860472818524
839,210000,322.33333333333337,208.05917961537344
840,210250,314.93333333333334,184.6591334203525
841,210500,360.8666666666667,138.32467442779526
842,210750,413.0,140.23947771976015
843,211000,318.4,208.4046704531035
844,211250,407.46666666666664,141.38719099613576
845,211500,420.1333333333334,143.1854430838244
846,211750,365.5333333333333,142.13039396585407
847,212000,345.3333333333333,132.8994607463351
848,212250,359.8,155.78512266723175
849,212500,358.46666666666664,153.61779410819133
850,212750,357.4,154.34771711229737
851,213000,346.66666666666663,147.45228983565423
852,213250,356.33333333333337,140.76805193098483
853,213500,380.3333333333333,139.34991926800674
854,213750,391.1333333333333,136.816438258631
855,214000,349.1333333333333,149.09588264677942
856,214250,399.46666666666664,140.2069264416784
857,214500,405.8,144.22137305005955
858,214750,410.2666666666667,145.1830109436592
859,215000,403.0,141.25784147358965
860,215250,395.3333333333333,137.16316317923457
861,215500,389.6,131.25605171233482
862,215750,383.2666666666667,130.80084947056815
863,216000,383.6666666666667,133.03433140860045
864,216250,380.93333333333334,133.80290646237017
865,216500,395.46666666666664,136.60170813963734
866,216750,390.66666666666663,131.84620670395574
867,217000,380.4,126.32751085966983
868,217250,397.9333333333333,136.17087304804457
869,217500,388.0,125.95484199594004
870,217750,376.93333333333334,154.75190180127387
871,218000,405.3333333333333,136.64503893909455
872,218250,417.0,142.32357499725757
873,218500,403.9333333333333,145.93185624347643
874,218750,408.4666666666667,137.60048449527108
875,219000,402.93333333333334,140.42085948240657
876,219250,407.1333333333333,136.6179750659155
877,219500,424.66666666666663,145.39203707371473
878,219750,410.8,137.74962794868085
879,220000,427.2666666666666,145.46666666666667
880,220250,409.9333333333333,146.5281770400037
881,220500,330.06666666666666,128.67554373522404
882,220750,370.7333333333333,130.22227152065807
883,221000,390.5333333333333,132.60829536646642
884,221250,384.5333333333333,132.59773753725966
885,221500,404.53333333333336,136.91499390335434
886,221750,357.26666666666665,125.04210846306489
887,222000,402.5333333333333,140.0040634330939
888,222250,406.00000000000006,138.67371776944614
889,222500,390.8,138.70233515618176
890,222750,366.7333333333333,128.8305346828409
891,223000,401.26666666666665,138.56092121839
892,223250,416.0666666666667,138.39113651772166
893,223500,427.4,141.39784691115744
894,223750,387.2,134.47587144168278
895,224000,369.6,134.1990892500972
896,224250,398.46666666666664,137.51599502926518
897,224500,367.1333333333333,126.17969549636564
898,224750,409.1333333333333,145.3182866828688
899,225000,356.1333333333333,123.45662306161535
900,225250,407.1333333333333,139.7051816425496
901,225500,408.33333333333337,143.27254524933315
902,225750,402.6666666666667,141.3586455320886
903,226000,377.3333333333333,138.48273057196218
904,226250,376.53333333333336,126.73517445620392
905,226500,386.4666666666667,133.93972110202742
906,226750,386.6666666666667,137.00592039113573
907,227000,373.8,128.69958128223348
908,227250,382.0,134.28278618894777
909,227500,374.26666666666665,125.1465629660768
910,227750,377.1333333333333,133.91981016845702
911,228000,361.53333333333336,130.47428013895222
912,228250,380.6,133.97270037005467
913,228500,329.8,127.11317791637498
914,228750,362.2,126.14147260560704
915,229000,402.33333333333337,141.87098990906415
916,229250,392.53333333333336,130.8489544814512
917,229500,391.1333333333333,137.7426908728332
918,229750,346.1333333333333,132.86260237971823
919,230000,358.2,136.66139827243748
920,230250,375.1333333333333,133.6854683368557
921,230500,367.06666666666666,126.49029826652934
922,230750,404.6666666666667,136.96341766244657
923,231000,373.2666666666667,126.2537832216436
924,231250,364.1333333333333,124.96712456571217
925,231500,376.9333333333333,136.9612110538357
926,231750,371.33333333333337,133.36449635824704
927,232000,386.8,143.26503799291407
928,232250,353.73333333333335,127.68823142500034
929,232500,396.4666666666667,143.08996393101012
930,232750,390.5333333333333,140.44272854085398
931,233000,377.8666666666667,134.28867744113384
932,233250,370.0,136.64081056225885
933,233500,364.5333333333333,142.57405093494398
934,233750,364.4666666666667,135.77965810663818
935,234000,388.8666666666667,144.98990003138533
936,234250,382.93333333333334,138.6079042158531
937,234500,379.7333333333333,143.7642205526504
938,234750,326.8,130.9049867482349
939,235000,360.93333333333334,131.29278561884334
940,235250,367.2,137.96563179123837
941,235500,373.6,144.95492019551764
942,235750,382.1333333333333,143.94035801909993
943,236000,362.5333333333333,135.94126182534376
944,236250,353.2,137.08563422587764
945,236500,303.4,115.90003355382507
946,236750,310.2,134.68260631738772
947,237000,304.2,143.28365030401915
948,237250,272.0666666666667,169.96292406155982
949,237500,264.2,140.05199034644244
950,237750,296.26666666666665,96.2991634900786
951,238000,228.33333333333334,152.43869441698703
952,238250,343.33333333333337,123.18134779439801
953,238500,349.8666666666667,124.53979283747023
954,238750,373.06666666666666,129.91080700918525
955,239000,368.1333333333333,138.16006819788575
956,239250,337.6,144.9049343535271
957,239500,321.5333333333333,116.6787803234923
958,239750,373.0,151.23903082354252
959,240000,370.2,153.18508775697168
960,240250,346.06666666666666,139.87302178126495
961,240500,365.53333333333336,149.78823570479608
962,240750,377.0666666666667,145.20642777324517
963,241000,324.93333333333334,136.25195615313402
964,241250,359.8,145.06942399340315
965,241500,363.5333333333333,143.7132329791983
966,241750,343.0666666666667,138.91170657011676
967,242000,370.8666666666667,155.14360372821622
968,242250,368.4666666666667,155.1195381346628
969,242500,317.4666666666667,149.6809347319231
970,242750,350.4,145.52882875911564
971,243000,368.6,161.92143499583713
972,243250,362.8,141.36958654533868
973,243500,338.93333333333334,138.17821021339716
974,243750,364.6,154.48846055432244
975,244000,318.66666666666663,135.5474496665692
976,244250,323.0666666666667,129.5018489786493
977,244500,340.7333333333333,134.58799682322675
978,244750,363.4,149.56074945579064
979,245000,362.0,141.50492727973977
980,245250,354.20000000000005,150.73679783723094
981,245500,309.66666666666663,117.18418550868259
982,245750,305.8,121.08300183482953
983,246000,302.1333333333333,101.59846892984604
984,246250,311.93333333333334,115.07975978038496
985,246500,355.46666666666664,146.7923098197662
986,246750,330.0666666666667,134.3334822166255
987,247000,355.7333333333333,148.50864546475998
988,247250,338.8,131.6148590057791
989,247500,312.0,107.60214785134274
990,247750,342.8666666666667,136.31117994419157
991,248000,360.66666666666663,158.426007965864
992,248250,360.8666666666667,155.3192554421734
993,248500,314.26666666666665,116.34381996670234
994,248750,338.53333333333336,129.51475248446067
995,249000,354.3333333333333,153.66746203698716
996,249250,306.1333333333333,119.67782677765427
997,249500,343.0666666666667,139.75270221994916
998,249750,324.2,119.48195586689138
999,250000,279.73333333333335,142.146622268073
1000,250250,305.26666666666665,126.16310430902091
1001,250500,328.8,133.28175669110408
1002,250750,333.6,132.67343366326207
1003,251000,327.2666666666667,131.28009073055298
1004,251250,282.8666666666667,105.18419822176502
1005,251500,318.3333333333333,130.06220733855693
1006,251750,340.6,143.96842246363147
1007,252000,347.9333333333333,142.18101139041033
1008,252250,349.8,148.1543639436772
1009,252500,337.1333333333333,137.45877765917882
1010,252750,328.73333333333335,131.55132500705236
1011,253000,351.8,149.54933782683372
1012,253250,312.8666666666667,121.266025286924
1013,253500,331.0666666666667,139.8474406868666
1014,253750,302.8666666666667,118.97517948435015
1015,254000,329.73333333333335,139.2296903202283
1016,254250,333.53333333333336,144.42677498765016
1017,254500,346.1333333333333,142.36144921369066
1018,254750,334.46666666666664,140.0048570586035
1019,255000,367.1333333333333,164.22540066086677
1020,255250,326.33333333333337,137.42181615578932
1021,255500,333.8666666666667,144.0638130212519
1022,255750,355.1333333333333,155.78683441734663
1023,256000,345.06666666666666,151.85422834635415
1024,256250,321.66666666666663,135.3865248505593
1025,256500,344.8,152.799156484001
1026,256750,363.93333333333334,161.0126841104279
1027,257000,358.2,152.76773946819472
1028,257250,360.6,159.4181643073057
1029,257500,356.8666666666667,163.31940076631025
1030,257750,351.8666666666667,151.12858395713528
1031,258000,341.8,148.74790007854827
1032,258250,306.46666666666664,137.10508540694047
1033,258500,319.4,151.10679078791335
1034,258750,314.2,148.66541105598318
1035,259000,346.4666666666667,161.18279478074987
1036,259250,359.0,153.56808117429728
1037,259500,341.1333333333333,146.16225382924432
1038,259750,337.26666666666665,151.39975047682358
1039,260000,356.2666666666667,165.45014690568004
1040,260250,361.8666666666667,168.25676146228946
1041,260500,348.3333333333333,160.37068172067973
1042,260750,329.93333333333334,155.25812199187664
1043,261000,353.46666666666664,168.41768183761334
1044,261250,339.5333333333333,157.76009916607205
1045,261500,343.3333333333333,157.10039253080603
1046,261750,339.9333333333333,157.76725473515305
1047,262000,350.33333333333337,161.94127879505513
1048,262250,337.53333333333336,157.22646087729635
1049,262500,331.93333333333334,154.0779600649547
1050,262750,339.46666666666664,154.2289207639086
1051,263000,349.73333333333335,160.16594172572673
1052,263250,357.8,166.05803537050264
1053,263500,353.0666666666667,167.92305116067632
1054,263750,330.53333333333336,160.41399218549762
1055,264000,312.73333333333335,162.61097407275096
1056,264250,338.6,159.6638691473782
1057,264500,338.9333333333333,158.9804180813893
1058,264750,356.4,164.13563496896907
1059,265000,341.53333333333336,161.6514219616463
1060,265250,324.26666666666665,151.73359695349097
1061,265500,327.33333333333337,153.25331245287254
1062,265750,315.2,150.3292091082472
1063,266000,328.1333333333333,158.77385734993584
1064,266250,353.1333333333333,166.09657164165404
1065,266500,346.3333333333333,167.54992622432806
1066,266750,358.5333333333333,173.83537550733965
1067,267000,356.33333333333337,176.69257671635972
1068,267250,330.4666666666667,153.6312468217322
1069,267500,358.8666666666667,173.60307216943676
1070,267750,348.8666666666667,168.24447819897222
1071,268000,335.4666666666667,159.6169860078251
1072,268250,357.06666666666666,175.82749121416327
1073,268500,325.26666666666665,154.25324055663214
1074,268750,358.73333333333335,171.21700330931571
1075,269000,337.8666666666667,158.17762167892147
1076,269250,350.46666666666664,168.5341508418991
1077,269500,341.1333333333333,163.98178760663228
1078,269750,343.66666666666663,164.19324657921294
1079,270000,336.6666666666667,161.83132508194382
1080,270250,347.46666666666664,170.54704140891255
1081,270500,327.6,159.01955155822122
1082,270750,311.4,148.36178004384342
1083,271000,296.06666666666666,167.5940067875672
1084,271250,333.73333333333335,156.59564347565853
1085,271500,323.6,162.91584739776954
1086,271750,338.9333333333333,159.23307864050525
1087,272000,345.3333333333333,168.58786037750957
1088,272250,336.53333333333336,164.73690809557186
1089,272500,345.73333333333335,170.44013611822774
1090,272750,324.4666666666667,158.39943883177813
1091,273000,357.8666666666667,174.91262580690585
1092,273250,335.0,159.1470319477488
1093,273500,323.7333333333333,161.45854645147224
1094,273750,345.6666666666667,164.53733112377063
1095,274000,333.4,158.97370851810686
1096,274250,349.33333333333337,172.92503192616928
1097,274500,315.33333333333337,160.17587555905888
1098,274750,358.4,173.81105961487157
1099,275000,329.7333333333333,159.59635194939625
1100,275250,357.0,175.48789132017058
1101,275500,312.8,160.89314604558032
1102,275750,324.9333333333333,160.4492858610886
1103,276000,328.7333333333333,157.8106319471396
1104,276250,330.2,161.26714895890402
1105,276500,323.2,159.94854728248637
1106,276750,335.8,170.639268634157
1107,277000,340.7333333333333,167.50859347773442
1108,277250,330.0,160.75751235254225
1109,277500,330.33333333333337,162.48596520588754
1110,277750,334.4,163.81688964613306
1111,278000,319.1333333333333,155.36775012137423
1112,278250,340.8,162.88204320918865
1113,278500,322.2,160.45540744324504
1114,278750,330.6,162.08480633435215
1115,279000,339.1333333333333,160.28427523899182
1116,279250,324.6,161.71585505997172
1117,279500,302.8,164.86177375135946
1118,279750,315.5333333333333,161.3531117353076
1119,280000,325.4,162.98471639321824
1120,280250,335.1333333333333,161.9926747315034
1121,280500,313.0,164.9037429667515
1122,280750,338.1333333333333,162.6320454960283
1123,281000,340.2666666666667,159.86597164152505
1124,281250,318.1333333333333,161.99294909209954
1125,281500,333.0666666666667,165.33204300571757
1126,281750,323.8,159.58621494352198
1127,282000,311.9333333333333,161.25761308470922
1128,282250,325.6666666666667,163.99715444685822
1129,282500,353.2,180.1394028091701
1130,282750,341.8666666666667,166.28190253635876
1131,283000,318.7333333333333,160.60087172864286
1132,283250,342.5333333333333,172.69196725833993
1133,283500,341.0666666666667,167.3556957169038
1134,283750,343.0,168.66192351697063
1135,284000,327.2666666666667,167.10188508811024
1136,284250,332.73333333333335,162.55220016283315
1137,284500,349.9333333333333,170.10067607155474
1138,284750,342.1333333333333,169.07560439046196
1139,285000,332.7333333333333,166.353893184914
1140,285250,357.8666666666667,174.2517463645949
1141,285500,334.5333333333333,165.13019779017472
1142,285750,346.2,165.03583449259335
1143,286000,336.2666666666667,163.3620927061518
1144,286250,323.0,160.2295575451393
1145,286500,332.6,168.2641309898749
1146,286750,329.73333333333335,165.4455801766853
1147,287000,328.46666666666664,163.7972459407599
1148,287250,344.2,171.77706482531363
1149,287500,324.93333333333334,163.43879588396385
1150,287750,334.33333333333337,160.23357950192587
1151,288000,340.4666666666667,164.53835756780578
1152,288250,336.0666666666667,163.29964278385097
1153,288500,356.0666666666667,176.65564745509207
1154,288750,356.06666666666666,176.34541861547373
1155,289000,332.2,161.66929207490207
1156,289250,311.2,160.21549377149654
1157,289500,334.2,163.769160032583
1158,289750,348.4666666666667,169.17336275745856
1159,290000,351.06666666666666,166.59857275632478
1160,290250,339.7333333333333,164.9721053862002
1161,290500,321.8666666666667,162.0729054057669
1162,290750,336.4666666666667,163.92242067514744
1163,291000,355.93333333333334,176.7532366511761
1164,291250,304.66666666666663,164.66815114040722
1165,291500,354.6,178.6289014813797
1166,291750,340.5333333333333,162.51216706586754
1167,292000,331.93333333333334,158.88408073533077
1168,292250,336.8666666666667,159.61587222662624
1169,292500,303.93333333333334,164.56601512260463
1170,292750,310.2666666666667,160.1184839076641
1171,293000,338.4666666666667,162.34279233221974
1172,293250,321.2666666666667,160.2287808797852
1173,293500,344.2,167.3516059080402
1174,293750,344.4666666666667,166.19153608612766
1175,294000,345.3333333333333,168.31333214507333
1176,294250,334.7333333333333,162.86441532077464
1177,294500,350.0666666666667,164.61192072399996
1178,294750,328.6666666666667,157.82085483934696
1179,295000,334.4,158.50501569351047
1180,295250,332.46666666666664,156.64476442646344
1181,295500,343.2,158.58563757303008
1182,295750,347.0,167.1012999483979
1183,296000,339.3333333333333,159.00901441951856
1184,296250,343.66666666666663,165.00760925215272
1185,296500,318.53333333333336,159.31919044623734
1186,296750,343.8666666666667,164.4025682416319
1187,297000,330.3333333333333,159.3937124091021
1188,297250,360.73333333333335,171.58352679283252
1189,297500,338.8666666666667,159.93062384810622
1190,297750,323.8666666666667,160.4555459378772
1191,298000,332.06666666666666,161.00592121616728
1192,298250,336.46666666666664,154.56571418008588
1193,298500,333.6,154.46299808620114
1194,298750,307.0666666666667,160.79074047413994
1195,299000,318.1333333333333,155.59900028242112
1196,299250,329.2,155.28233783803117
1197,299500,338.9333333333333,155.3109282840214
1198,299750,320.5333333333333,155.41551474103935
1199,300000,319.8,154.8748024839562
1200,300250,324.6666666666667,157.42666723130347
1201,300500,348.93333333333334,164.23362762980196
1202,300750,323.8,157.4638723997067
1203,301000,339.66666666666663,158.70195685974107
1204,301250,338.06666666666666,155.77596448461205
1205,301500,352.1333333333333,167.08462260516708
1206,301750,320.0,152.46405769521186
1207,302000,331.4,148.38304784876502
1208,302250,321.2666666666667,153.69716255603998
1209,302500,317.0,152.776234335638
1210,302750,319.6,157.1420305894568
1211,303000,308.8666666666667,160.48670419141337
1212,303250,346.0666666666667,160.92198247736212
1213,303500,329.06666666666666,158.53459489265356
1214,303750,317.1333333333333,145.48304215803145
1215,304000,337.4,154.05343950143478
1216,304250,324.9333333333333,154.023865394656
1217,304500,343.7333333333333,156.38689913871374
1218,304750,332.66666666666663,153.46907035476417
1219,305000,310.33333333333337,156.3754740644737
1220,305250,340.1333333333333,156.3830908733777
1221,305500,333.1333333333333,151.36733832340155
1222,305750,327.3333333333333,153.15627458398316
1223,306000,318.9333333333333,151.7347685930947
1224,306250,336.8666666666667,157.27111764225637
1225,306500,329.3333333333333,152.04516872736644
1226,306750,332.53333333333336,151.6561315022318
1227,307000,310.0,146.86895141209695
1228,307250,339.4666666666667,159.04640832159652
1229,307500,354.5333333333333,157.14064471747028
1230,307750,342.26666666666665,152.65493404698353
1231,308000,310.46666666666664,149.7711736097586
1232,308250,300.1333333333333,165.06357024559424
1233,308500,318.46666666666664,155.41937531151714
1234,308750,313.26666666666665,149.13027861571237
1235,309000,322.53333333333336,149.6986008989767
1236,309250,321.0666666666667,155.40504782306425
1237,309500,332.8666666666667,151.08402371601775
1238,309750,347.8666666666667,151.9544668642551
1239,310000,344.06666666666666,155.42034758822425
1240,310250,321.1333333333333,153.9680486334746
1241,310500,320.2666666666667,156.69835140592045
1242,310750,335.2,148.34443404156121
1243,311000,320.6666666666667,152.6030435112252
1244,311250,334.6,153.56784964452828
1245,311500,337.9333333333333,153.00259983266807
1246,311750,327.53333333333336,153.1343056129343
1247,312000,342.9333333333333,154.1115613227422
1248,312250,311.8,152.48382063535644
1249,312500,322.2666666666667,153.05211893701804
1250,312750,314.2666666666667,154.07377742136683
1251,313000,315.2,150.13661926540254
1252,313250,337.2,149.99564438120638
1253,313500,317.6,152.45435018027163
1254,313750,359.93333333333334,157.36784932126383
1255,314000,316.26666666666665,153.90089162979027
1256,314250,320.1333333333333,150.72809957005362
1257,314500,303.1333333333333,149.22490110940302
1258,314750,335.8,152.27921722940397
1259,315000,325.4,146.31327121397203
1260,315250,331.46666666666664,143.65956672324717
1261,315500,321.46666666666664,142.52245047321102
1262,315750,343.33333333333337,149.56752469852688
1263,316000,306.6,154.41968786395083
1264,316250,333.8,144.04838693223113
1265,316500,307.6,161.0073014217402
1266,316750,315.73333333333335,146.32040945207277
1267,317000,320.4666666666667,155.14546579115859
1268,317250,316.5333333333333,136.07589385665958
1269,317500,309.2,152.65438087392056
1270,317750,299.4666666666667,141.76735245543037
1271,318000,302.9333333333333,135.78011636465777
1272,318250,304.2,141.4921434803596
1273,318500,323.06666666666666,152.79403711460006
1274,318750,317.6,136.67518672629157
1275,319000,311.8,150.24936309718956
1276,319250,327.73333333333335,142.19492099071456
1277,319500,312.8666666666667,142.21901732500083
1278,319750,310.4,133.84491855211473
1279,320000,334.4,139.45041332953366
1280,320250,321.66666666666663,141.8841467927658
1281,320500,305.2,136.26650358763888
1282,320750,317.0,144.26164501426643
1283,321000,303.0666666666667,137.29666177053736
1284,321250,298.8666666666667,144.7688732658601
1285,321500,318.4666666666667,136.2594910048063
1286,321750,334.9333333333333,145.01071224798073
1287,322000,318.9333333333333,138.93234164713252
1288,322250,305.1333333333333,143.57647594381345
1289,322500,318.6666666666667,130.4530566909032
1290,322750,315.46666666666664,141.97223515728544
1291,323000,313.7333333333333,135.98290742262833
1292,323250,323.4,136.47114469122522
1293,323500,321.1333333333333,147.402487541199
1294,323750,331.2,142.50249120629437
1295,324000,297.6,138.34343738199752
1296,324250,310.73333333333335,147.13220056957093
1297,324500,334.2,144.10283365245343
1298,324750,344.0666666666667,146.40057680517825
1299,325000,314.93333333333334,151.33104256709674
1300,325250,330.0,150.45752446011687
1301,325500,308.8,142.77606397587954
1302,325750,327.8666666666667,136.36464188181463
1303,326000,319.2,137.3269577808135
1304,326250,303.8666666666667,136.41401035898852
1305,326500,338.4666666666667,140.4740545438908
1306,326750,323.9333333333333,140.73085423365174
1307,327000,327.4,131.9503947196319
1308,327250,317.1333333333333,144.5837857821931
1309,327500,316.8666666666667,143.55341243670324
1310,327750,336.0666666666667,139.48706033177416
1311,328000,318.93333333333334,130.13657782840644
1312,328250,312.6,140.6781038004454
1313,328500,342.1333333333333,147.47106684212858
1314,328750,324.2,138.32001542317246
1315,329000,332.06666666666666,139.8761992302876
1316,329250,318.2,129.25764108081881
1317,329500,315.2,134.40529090114802
1318,329750,350.6,151.23218352365785
1319,330000,330.0,144.86974992883933
1320,330250,327.0666666666667,142.46393695715886
1321,330500,323.2,147.3008410626965
1322,330750,349.2666666666667,145.32987763475663
1323,331000,340.2,146.15297921470275
1324,331250,331.46666666666664,138.45698890911135
1325,331500,340.0,144.38420966296832
1326,331750,348.8,146.30236574376445
1327,332000,353.53333333333336,154.94208236915136
1328,332250,348.3333333333333,139.6533804340828
1329,332500,322.4666666666667,141.95689486601205
1330,332750,345.4666666666667,137.73091317654308
1331,333000,327.66666666666663,142.6867587098085
1332,333250,338.6,144.25446652048979
1333,333500,335.8666666666667,144.25357303489344
1334,333750,338.33333333333337,151.37268210905455
1335,334000,332.4,138.54279723849476
1336,334250,338.0,141.8282216078466
1337,334500,349.26666666666665,151.9792968356765
1338,334750,336.0,148.21800760291504
1339,335000,355.6666666666667,150.21406946976262
1340,335250,319.5333333333333,147.9228928267096
1341,335500,348.1333333333333,152.14680045564182
1342,335750,331.8,144.7651891857984
1343,336000,338.6,147.9978077915721
1344,336250,313.0,151.0290626925089
1345,336500,344.6666666666667,150.7446700734575
1346,336750,343.2,148.85766505102936
1347,337000,342.33333333333337,149.1016059232391
1348,337250,338.2666666666667,147.71705686510575
1349,337500,354.73333333333335,153.63772684829436
1350,337750,324.8666666666667,143.15191619783198
1351,338000,327.6,148.82434090042008
1352,338250,326.4666666666667,148.2794059275334
1353,338500,350.0,150.0099255975343
1354,338750,335.3333333333333,148.95487758229186
1355,339000,348.93333333333334,148.15088404881172
1356,339250,329.2666666666667,149.8399738980816
1357,339500,342.53333333333336,150.71881103565008
1358,339750,345.46666666666664,150.88930453223722
1359,340000,352.3333333333333,154.40754155444898
1360,340250,332.2,149.27835297412236
1361,340500,345.8666666666667,151.6401588556863
1362,340750,356.2,161.67025425572606
1363,341000,340.6,146.69157364272078
1364,341250,339.8666666666667,147.69120939762576
1365,341500,325.46666666666664,149.81805261345806
1366,341750,352.93333333333334,151.93820381252957
1367,342000,333.0,148.38882857022776
1368,342250,320.7333333333333,151.23615088110822
1369,342500,351.46666666666664,155.08486565605153
1370,342750,330.6666666666667,148.12712258207287
1371,343000,325.1333333333333,148.4791942027943
1372,343250,360.06666666666666,152.75330874757947
1373,343500,319.1333333333333,152.26827202889862
1374,343750,349.93333333333334,154.93373493923852
1375,344000,322.9333333333333,148.74518106106459
1376,344250,332.8,148.3242094572262
1377,344500,330.0666666666667,140.28358579835506
1378,344750,332.8666666666667,142.10099694700716
1379,345000,320.2,149.78912584771373
1380,345250,344.06666666666666,148.0434470762628
1381,345500,342.2,148.2575236989116
1382,345750,332.93333333333334,142.92615031702366
1383,346000,355.2666666666667,159.31651236174832
1384,346250,349.1333333333333,152.25542865709437
1385,346500,344.26666666666665,142.46705662089823
1386,346750,338.93333333333334,149.54306700375275
1387,347000,362.1333333333333,156.8963706116592
1388,347250,322.2,141.92464354172057
1389,347500,334.2,148.78315316818185
1390,347750,352.6666666666667,153.78961097695918
1391,348000,335.0666666666667,145.3471553060312
1392,348250,315.2,151.14005278401737
1393,348500,318.0,138.67676245299515
1394,348750,321.6,153.10873405669724
1395,349000,335.93333333333334,141.4610115112209
1396,349250,341.46666666666664,149.07397119849222
1397,349500,326.8,152.44679946350684
1398,349750,368.46666666666664,157.78826882179098
1399,350000,337.0,148.46743002348285
1400,350250,346.2666666666667,151.84764294076703
1401,350500,347.1333333333333,150.0554860339631
1402,350750,338.5333333333333,148.32435927910004
1403,351000,328.5333333333333,152.0407255383314
1404,351250,327.2,150.4400360424194
1405,351500,326.6,148.1165307002114
1406,351750,334.4666666666667,147.15911267891107
1407,352000,324.4666666666667,148.57764150623592
1408,352250,347.26666666666665,150.09617657429592
1409,352500,338.66666666666663,149.91745877130003
1410,352750,342.4666666666667,148.94825350510902
1411,353000,326.93333333333334,148.23066109576956
1412,353250,342.33333333333337,149.976887108203
1413,353500,336.53333333333336,148.1788109008842
1414,353750,324.0666666666667,144.8914382870461
1415,354000,363.46666666666664,153.9661723308799
1416,354250,343.4,150.12992891344336
1417,354500,346.8666666666667,144.8890149965368
1418,354750,352.93333333333334,150.23025290829037
1419,355000,353.26666666666665,154.9330177851061
1420,355250,348.6,150.82269207398616
1421,355500,349.93333333333334,144.36364577767569
1422,355750,329.6,143.56003776972352
1423,356000,324.4666666666667,148.07829760711803
1424,356250,350.8666666666667,150.4116721239117
1425,356500,333.26666666666665,151.60773946822988
1426,356750,367.0666666666667,162.01857232360055
1427,357000,348.4666666666667,145.0079844544967
1428,357250,334.6,147.98053926107985
1429,357500,336.73333333333335,144.4825864171104
1430,357750,321.93333333333334,143.46248444957462
1431,358000,331.8,140.15778410221975
1432,358250,338.2,147.96284818982244
1433,358500,351.5333333333333,142.89834770835446
1434,358750,333.1333333333333,144.6615360073299
1435,359000,324.4,145.46468070749455
1436,359250,350.7333333333333,156.85724578595517
1437,359500,337.53333333333336,143.4739775088926
1438,359750,327.93333333333334,148.54515213302057
1439,360000,337.2666666666667,146.30810716505846
1440,360250,315.33333333333337,148.56274394641778
1441,360500,336.4,144.46551299339384
1442,360750,342.6666666666667,144.7574216097783
1443,361000,345.8,141.28640730406053
1444,361250,350.26666666666665,151.1239961826785
1445,361500,332.8,143.58746463392964
1446,361750,346.66666666666663,143.31302181665916
1447,362000,346.7333333333333,152.5933448381314
1448,362250,350.93333333333334,149.176465227521
1449,362500,337.6666666666667,141.97934122024
1450,362750,326.0,139.8867796151985
1451,363000,333.4666666666667,140.76214768971886
1452,363250,335.2,138.75215313644685
1453,363500,350.6,140.6618324603768
1454,363750,352.06666666666666,146.79894035342656
1455,364000,337.0,143.61290564105533
1456,364250,351.0666666666667,143.15669736341366
1457,364500,349.7333333333333,145.0490185343485
1458,364750,332.93333333333334,141.22297578258608
1459,365000,332.2666666666667,138.0208357861635
1460,365250,363.1333333333333,154.50733172104023
1461,365500,349.6,147.27833060795695
1462,365750,339.2,143.09757354880466
1463,366000,349.93333333333334,139.98482457434844
1464,366250,353.7333333333333,144.97868042501207
1465,366500,349.8,147.48131331723954
1466,366750,357.7333333333333,148.5699835094559
1467,367000,368.4,149.66412766962935
1468,367250,340.46666666666664,143.8978958999903
1469,367500,353.8,147.4220848825274
1470,367750,349.8,148.40539073766828
1471,368000,347.4666666666667,144.10745990405908
1472,368250,336.53333333333336,145.6471535366666
1473,368500,336.6666666666667,137.56307644131837
1474,368750,357.2666666666667,151.03397704563773
1475,369000,352.8666666666667,147.38032433130277
1476,369250,357.46666666666664,142.3712829970364
1477,369500,358.53333333333336,146.31907295739373
1478,369750,354.4,148.33526590501367
1479,370000,354.4666666666667,142.1397747133277
1480,370250,365.93333333333334,156.8195566035478
1481,370500,364.33333333333337,153.05888481960864
1482,370750,346.2,146.04087707822688
1483,371000,351.73333333333335,148.32627698571972
1484,371250,332.93333333333334,131.56618951015577
1485,371500,354.46666666666664,145.06176462305825
1486,371750,337.2666666666667,138.34407990385583
1487,372000,363.2,147.68850101931884
1488,372250,352.53333333333336,138.6991308151889
1489,372500,349.33333333333337,140.9105311102679
1490,372750,354.8,146.51395079574428
1491,373000,362.73333333333335,150.30035114914256
1492,373250,344.26666666666665,138.10002815994562
1493,373500,358.8666666666667,146.80911264480673
1494,373750,340.1333333333333,136.34410715375842
1495,374000,360.3333333333333,140.756369502611
1496,374250,359.2,142.0025977853144
1497,374500,359.7333333333333,146.65657541041625
1498,374750,346.46666666666664,136.64204656286765
1499,375000,355.8666666666667,143.34675906114282
1500,375250,359.8666666666667,145.80970856260262
1501,375500,370.8666666666667,148.5807823673334
1502,375750,364.2,135.82694872520696
1503,376000,353.8666666666667,139.26259767472064
1504,376250,348.33333333333337,141.22684667662244
1505,376500,362.2,143.02612038054835
1506,376750,354.6666666666667,136.00049019519503
1507,377000,345.46666666666664,141.13549045745603
1508,377250,370.46666666666664,145.5790888524554
1509,377500,363.8,139.63501630242243
1510,377750,359.8666666666667,142.97950125027634
1511,378000,357.26666666666665,140.18185014869476
1512,378250,350.9333333333333,138.94993502857224
1513,378500,362.4666666666667,145.75727159295423
1514,378750,350.6,143.91562342798875
1515,379000,366.6,135.3655790812421
1516,379250,359.8,135.73546167290093
1517,379500,365.0,141.81396264120116
1518,379750,356.3333333333333,144.6987675598287
1519,380000,364.0,148.852947569069
1520,380250,358.4666666666667,142.27916221288342
1521,380500,355.33333333333337,132.65778864766625
1522,380750,353.6,132.024812482772
1523,381000,366.4,137.2536014504214
1524,381250,357.93333333333334,147.86907121579623
1525,381500,353.2,134.57531555064458
1526,381750,350.0,133.18875494742207
1527,382000,360.1333333333333,145.62518097270583
1528,382250,368.0666666666667,138.38053813066827
1529,382500,360.6,139.6771515555306
1530,382750,343.0,129.65115588463615
1531,383000,362.73333333333335,142.8970725149166
1532,383250,353.6666666666667,138.247603957537
1533,383500,325.33333333333337,114.82605201879156
1534,383750,339.59999999999997,120.77203502650953
1535,384000,363.06666666666666,135.01479754291955
1536,384250,346.33333333333337,131.93685358281564
1537,384500,353.4666666666667,130.08178623893167
1538,384750,333.33333333333337,123.79499182115568
1539,385000,325.46666666666664,123.79868963585827
1540,385250,322.8666666666667,115.94167115886812
1541,385500,307.0,120.9218296623438
1542,385750,324.6,110.4929158111254
1543,386000,312.33333333333337,117.17337581549829
1544,386250,322.8666666666667,123.68123903360966
1545,386500,324.33333333333337,114.3522822004198
1546,386750,356.73333333333335,127.16522934967546
1547,387000,354.46666666666664,134.9777924121018
1548,387250,364.9333333333333,138.62153111580065
1549,387500,357.46666666666664,137.52375148396084
1550,387750,359.2,140.21913009445055
1551,388000,366.1333333333333,138.99777776001392
1552,388250,351.5333333333333,136.01153545849624
1553,388500,358.93333333333334,137.28759756235976
1554,388750,362.2,135.62523527885378
1555,389000,364.2,137.51421744677893
1556,389250,366.53333333333336,135.94191570095091
1557,389500,357.3333333333333,136.2704826602021
1558,389750,357.66666666666663,135.5800706429804
1559,390000,363.33333333333337,138.46507782750774
1560,390250,370.9333333333333,136.9271339070529
1561,390500,368.2,139.8229992208403
1562,390750,349.1333333333333,136.90379428229477
1563,391000,374.1333333333333,137.0379671640106
1564,391250,355.4,132.92811758407038
1565,391500,362.7333333333333,133.51327857391396
1566,391750,357.6666666666667,128.05623764580935
1567,392000,358.2,138.54539568916272
1568,392250,350.73333333333335,131.602161414199
1569,392500,362.46666666666664,130.97456920248976
1570,392750,360.33333333333337,133.5493250534132
1571,393000,359.46666666666664,140.41218687215942
1572,393250,364.2,135.80060546420418
1573,393500,348.8,135.60573570301352
1574,393750,365.06666666666666,128.99050783337162
1575,394000,355.06666666666666,131.57125657055784
1576,394250,354.33333333333337,141.26712285595684
1577,394500,346.33333333333337,127.91385990406026
1578,394750,359.46666666666664,131.69132258597924
1579,395000,362.1333333333333,137.26771895338928
1580,395250,350.8666666666667,126.94611280206871
1581,395500,369.6,135.79189961113292
1582,395750,360.73333333333335,140.6363948469796
1583,396000,356.26666666666665,136.6486817434483
1584,396250,361.4,136.28750656037568
1585,396500,361.93333333333334,134.16745755460474
1586,396750,352.46666666666664,126.65571882513285
1587,397000,354.6,128.56254854695783
1588,397250,363.93333333333334,135.12733089777046
1589,397500,362.0,133.75068016441801
1590,397750,363.0666666666667,136.1968183671459
1591,398000,355.66666666666663,138.70672498316566
1592,398250,362.6,135.78568080291498
1593,398500,360.8666666666667,135.58098850666505
1594,398750,366.8666666666667,133.51930363975256
1595,399000,363.7333333333333,138.25490146022952
1596,399250,364.3333333333333,134.51113130311725
1597,399500,367.0,133.8745681599011
1598,399750,362.53333333333336,135.0564655575174
1599,400000,357.4,133.6092811147489
1600,400250,357.8,136.25084709216796
1601,400500,349.4,134.7003918166371
1602,400750,357.8,135.78014909731422
1603,401000,359.7333333333333,129.9024249196296
1604,401250,353.2,137.490783529499
1605,401500,364.4,136.92388802218227
1606,401750,359.4,138.51825391141293
1607,402000,366.66666666666663,132.13814320206293
1608,402250,354.2666666666667,132.19571349581145
1609,402500,362.4,130.4033741894741
1610,402750,367.66666666666663,129.2417201302359
1611,403000,360.66666666666663,136.51552618251483
1612,403250,351.2,131.9778769339771
1613,403500,359.0666666666667,135.54489211245763
1614,403750,348.93333333333334,126.5229711247022
1615,404000,360.0,139.42564725010644
1616,404250,361.8,134.41058159402644
1617,404500,358.7333333333333,138.582249945655
1618,404750,358.6,136.51868410994558
1619,405000,359.0,133.02263800655217
1620,405250,353.8,135.52492185736335
1621,405500,358.46666666666664,136.55387215308104
1622,405750,360.33333333333337,135.47595112540577
1623,406000,359.46666666666664,132.44749064356705
1624,406250,360.0666666666667,131.96588784816916
1625,406500,344.46666666666664,128.83884852360677
1626,406750,362.6,136.81218269340394
1627,407000,353.46666666666664,129.04824248663323
1628,407250,361.53333333333336,135.76181757442373
1629,407500,351.8,136.19782997129172
1630,407750,367.0,134.09548836556732
1631,408000,362.9333333333333,133.1063735012966
1632,408250,360.73333333333335,136.41234874046003
1633,408500,357.46666666666664,133.9641079626264
1634,408750,360.5333333333333,135.66635544599848
1635,409000,361.0666666666667,132.94032077924624
1636,409250,358.73333333333335,131.83245258871415
1637,409500,356.53333333333336,137.02580454465905
1638,409750,357.1333333333333,131.35999729327375
1639,410000,365.2,133.02207001513364
1640,410250,352.5333333333333,138.19882617285703
1641,410500,365.93333333333334,134.6246469096783
1642,410750,358.46666666666664,133.74230611307868
1643,411000,356.2,131.81006537185743
1644,411250,359.73333333333335,135.84687458065915
1645,411500,354.8,140.56909728354634
1646,411750,361.3333333333333,137.0592734711681
1647,412000,355.9333333333333,134.63488073716675
1648,412250,351.8,137.32550139480043
1649,412500,361.1333333333333,134.77381875654567
1650,412750,351.8,135.98751576686902
1651,413000,351.93333333333334,139.4198136723918
1652,413250,358.26666666666665,137.8726304319397
1653,413500,362.93333333333334,136.96688975401642
1654,413750,363.46666666666664,135.2779196896358
1655,414000,355.93333333333334,134.8477989768053
1656,414250,357.66666666666663,135.4944853326347
1657,414500,358.4666666666667,138.60120249598606
1658,414750,358.4,129.80248242789673
1659,415000,360.3333333333333,135.95734625241846
1660,415250,353.8,132.26616263344823
1661,415500,353.3333333333333,138.91468204941077
1662,415750,359.53333333333336,137.82252678313836
1663,416000,355.26666666666665,139.83933638286476
1664,416250,357.6,141.31751483804123
1665,416500,355.73333333333335,138.85842510349244
1666,416750,358.8,140.21326613412867
1667,417000,354.06666666666666,137.1219084529448
1668,417250,359.06666666666666,136.69258290859173
1669,417500,354.0,139.36570596814698
1670,417750,359.2,141.57410309327997
1671,418000,363.0,138.21641645541885
1672,418250,357.8666666666667,139.02815062665067
1673,418500,356.8666666666667,142.1811989446331
1674,418750,359.1333333333333,138.53865886459275
1675,419000,357.1333333333333,133.63259748695717
1676,419250,363.2,140.2005864625553
1677,419500,353.9333333333333,137.6613235444146
1678,419750,358.06666666666666,129.10157930009134
1679,420000,358.7333333333333,143.0798378528575
1680,420250,357.8,140.25621000313834
1681,420500,359.3333333333333,136.81081828568966
1682,420750,357.33333333333337,139.4941655490373
1683,421000,364.8,138.31632023895244
1684,421250,360.33333333333337,135.59219905453426
1685,421500,355.6,138.54857150713127
1686,421750,357.7333333333333,139.8116828690173
1687,422000,360.1333333333333,144.3775297998657
1688,422250,358.8666666666667,141.14981796343596
1689,422500,351.06666666666666,140.36735929537022
1690,422750,357.2,139.0012949579967
1691,423000,353.6,140.4619996060619
1692,423250,348.73333333333335,142.0795395387934
1693,423500,356.26666666666665,135.49487895201878
1694,423750,360.93333333333334,138.20538661314504
1695,424000,362.1333333333333,138.89926005722438
1696,424250,360.53333333333336,136.22344389519253
1697,424500,356.1333333333333,141.76954695718135
1698,424750,352.1333333333333,140.26397335817285
1699,425000,362.59999999999997,135.15314770042662
1700,425250,348.26666666666665,142.40059300750434
1701,425500,355.7333333333333,139.55061208512606
1702,425750,351.8666666666667,140.17522367855645
1703,426000,354.73333333333335,136.33722895819764
1704,426250,356.6666666666667,137.0208418858646
1705,426500,362.8666666666667,140.65396467137987
1706,426750,352.8,139.46829189620286
1707,427000,364.4,143.27276239552458
1708,427250,355.0666666666667,137.87682103159247
1709,427500,356.9333333333333,139.22442314479167
1710,427750,357.6,143.81568451010867
1711,428000,359.4666666666667,138.78530181543002
1712,428250,351.9333333333333,139.4875382725401
1713,428500,360.53333333333336,135.26740594508016
1714,428750,360.53333333333336,143.84939655378778
1715,429000,351.8666666666667,145.07892105103807
1716,429250,361.53333333333336,135.03869404318488
1717,429500,363.9333333333333,141.48771442543458
1718,429750,353.53333333333336,142.95758500727098
1719,430000,354.46666666666664,137.96224926487037
1720,430250,352.0666666666667,139.8263049485166
1721,430500,361.06666666666666,144.01225256515116
1722,430750,357.2666666666667,137.68343723516236
1723,431000,361.0666666666667,137.8544159611871
1724,431250,355.2,142.86055361007732
1725,431500,350.93333333333334,144.79186594710507
1726,431750,357.46666666666664,137.76785627359607
1727,432000,358.53333333333336,136.34997453448813
1728,432250,361.2666666666667,141.24862241216135
1729,432500,365.33333333333337,137.96923972795932
1730,432750,364.00000000000006,140.91557756330562
1731,433000,360.8,141.74321069376754
1732,433250,354.0,144.50205688655245
1733,433500,351.8,143.18637427415285
1734,433750,355.4,142.07797546105135
1735,434000,367.4,142.0601437576509
1736,434250,357.93333333333334,145.53279889961425
1737,434500,359.20000000000005,141.78208631558502
1738,434750,364.4666666666667,141.8229882635393
1739,435000,353.0,142.8879903203127
1740,435250,353.0,140.26609632330178
1741,435500,365.73333333333335,140.41943518536806
1742,435750,357.26666666666665,144.6154133478786
1743,436000,352.93333333333334,142.92801607025046
1744,436250,362.40000000000003,144.76914956808534
1745,436500,362.1333333333333,138.45153183214214
1746,436750,357.20000000000005,141.1902735082461
1747,437000,354.0666666666667,142.87187733537112
1748,437250,371.26666666666665,138.85010302880985
1749,437500,369.66666666666663,143.350076541467
1750,437750,364.1333333333333,147.2108993549353
1751,438000,361.06666666666666,143.76885770028377
1752,438250,360.6,143.8002318032439
1753,438500,367.6,143.57938570700182
1754,438750,359.2,145.0873453398944
1755,439000,369.9333333333333,140.65883074541273
1756,439250,364.26666666666665,143.67299290015814
1757,439500,360.7333333333333,140.40598277851268
1758,439750,363.8,147.14280289720068
1759,440000,361.0666666666667,142.76217986567733
1760,440250,362.3333333333333,138.13471685278833
1761,440500,348.53333333333336,135.19263622286863
1762,440750,356.5333333333333,144.53336408363757
1763,441000,314.6,127.85606490633651
1764,441250,367.4,147.06648534289215
1765,441500,312.8666666666667,125.02206027559919
1766,441750,305.06666666666666,136.8178675790881
1767,442000,307.00000000000006,138.3425699727552
1768,442250,301.66666666666663,140.3055396071176
1769,442500,296.8,125.85098772401874
1770,442750,295.1333333333333,132.8351693725055
1771,443000,290.93333333333334,141.2577470835179
1772,443250,267.4666666666666,166.15756912574815
1773,443500,262.99999999999994,177.8943506691542
1774,443750,272.6,164.83532523231918
1775,444000,285.0,148.07535619106616
1776,444250,294.4666666666667,139.66636435925915
1777,444500,295.2,141.73443085181842
1778,444750,346.7333333333333,144.9210359701678
1779,445000,359.33333333333337,142.71634649035673
1780,445250,353.1333333333333,140.96927955330472
1781,445500,304.8666666666667,135.92246155641664
1782,445750,331.7333333333333,134.4221211953846
1783,446000,253.6,172.4689215159905
1784,446250,360.1333333333333,147.32980387929356
1785,446500,293.4666666666667,158.0926029614008
1786,446750,287.0666666666667,148.25284707777678
1787,447000,285.3333333333333,136.87139137810274
1788,447250,324.06666666666666,126.79964949127861
1789,447500,325.73333333333335,125.85413073166181
1790,447750,345.0,133.55764464995795
1791,448000,353.93333333333334,140.38683065808638
1792,448250,352.66666666666663,150.7745926135361
1793,448500,356.2666666666667,147.7122427785411
1794,448750,356.1333333333333,144.77393872287004
1795,449000,359.8666666666667,149.2455992278797
1796,449250,363.06666666666666,137.89325984656068
1797,449500,354.53333333333336,148.18810868472394
1798,449750,361.6,143.4776637668735
1799,450000,357.8666666666667,146.7976082154535
1800,450250,355.93333333333334,145.27589078867987
1801,450500,361.2,148.4648256134915
1802,450750,356.26666666666665,152.78661954212845
1803,451000,368.2666666666667,142.62295280447208
1804,451250,352.73333333333335,147.53280614456193
1805,451500,352.4,142.63541713831884
1806,451750,369.1333333333333,143.34939444897873
1807,452000,347.2666666666667,132.8436675193816
1808,452250,352.0666666666667,137.23465710639974
1809,452500,361.4,150.55857479547436
1810,452750,354.80000000000007,139.17576417369992
1811,453000,367.06666666666666,153.26931997123378
1812,453250,347.1333333333333,140.1660285360028
1813,453500,353.26666666666665,141.6439040536357
1814,453750,345.0666666666667,139.89510355977438
1815,454000,315.8,131.74716526572993
1816,454250,312.33333333333337,135.9988562043405
1817,454500,253.13333333333335,176.4761992136302
1818,454750,279.7333333333333,153.69311413766505
1819,455000,322.2,131.1612408873563
1820,455250,351.7333333333333,137.756693727262
1821,455500,356.20000000000005,144.9681344296049
1822,455750,373.53333333333336,151.0481306662806
1823,456000,356.06666666666666,145.31428009662366
1824,456250,347.6,143.0795272256346
1825,456500,354.8666666666667,149.80321907236987
1826,456750,365.4666666666667,146.7770190913187
1827,457000,359.19999999999993,138.5022422602288
1828,457250,340.6,138.13445945486916
1829,457500,342.33333333333337,129.2654461004779
1830,457750,339.8,136.1723744213765
1831,458000,343.4666666666667,143.25557580771505
1832,458250,339.33333333333337,137.53431894944944
1833,458500,337.33333333333337,136.33374083068685
1834,458750,326.8666666666667,121.79666114744964
1835,459000,317.3333333333333,128.99664078313563
1836,459250,326.53333333333336,132.9510519786219
1837,459500,336.6,135.31385738349198
1838,459750,331.8,140.27949877932193
1839,460000,322.0,136.0501541507559
1840,460250,318.53333333333336,138.72075868048333
1841,460500,321.26666666666665,142.75408536672037
1842,460750,327.8,139.44247718842507
1843,461000,323.2666666666667,138.65535210249428
1844,461250,315.93333333333334,145.52592743410213
1845,461500,317.4,142.44131735170413
1846,461750,309.2,136.02656603276682
1847,462000,301.0,128.42204725911444
1848,462250,317.0,141.7412352767457
1849,462500,314.80000000000007,139.7703831289018
1850,462750,306.06666666666666,128.29330977620515
1851,463000,313.2666666666666,150.68206410998107
1852,463250,319.8666666666667,140.32289747420253
1853,463500,311.00000000000006,136.0485207563831
1854,463750,315.8666666666667,153.10150590739175
1855,464000,307.46666666666664,141.6695058539024
1856,464250,303.79999999999995,150.58428426189326
1857,464500,310.26666666666665,144.27310521676895
1858,464750,304.93333333333334,151.85276494757093
1859,465000,308.20000000000005,155.30537659720608
1860,465250,314.5333333333333,152.6338538245475
1861,465500,305.6666666666667,151.2141968643597
1862,465750,301.33333333333337,149.7320569847649
1863,466000,303.26666666666665,150.40883543787507
1864,466250,306.4,146.60519924083334
1865,466500,291.2,145.69322412368928
1866,466750,302.93333333333334,159.3990659389892
1867,467000,303.8666666666667,161.8411566938398
1868,467250,302.1333333333333,158.92270657985495
1869,467500,291.0,142.15140598046233
1870,467750,298.66666666666663,141.75926385562562
1871,468000,296.73333333333335,155.58554631527386
1872,468250,305.66666666666663,154.88906424348434
1873,468500,300.0,146.08642799536324
1874,468750,304.8666666666667,145.92198829054743
1875,469000,314.1333333333333,150.99206748847584
1876,469250,302.06666666666666,154.8472221973072
1877,469500,309.4666666666667,156.3684537665233
1878,469750,301.53333333333336,147.2779081268546
1879,470000,305.93333333333334,149.20640439039843
1880,470250,299.8,156.60716600604343
1881,470500,301.06666666666666,148.79178591426194
1882,470750,310.5333333333333,153.54443439386964
1883,471000,303.46666666666664,152.70750545478182
1884,471250,294.1333333333333,143.51997150996868
1885,471500,307.0,147.62535163190788
1886,471750,314.53333333333336,150.40812625800658
1887,472000,298.53333333333336,135.82367654835113
1888,472250,298.66666666666663,153.32072411922806
1889,472500,303.40000000000003,149.8847557291935
1890,472750,297.8,150.51682814740536
1891,473000,302.6,152.80756234922114
1892,473250,301.8,156.31273496139434
1893,473500,306.6666666666667,153.00559176419372
1894,473750,294.73333333333335,145.6779400671983
1895,474000,298.8666666666666,147.9304040569228
1896,474250,304.33333333333337,152.833969464325
1897,474500,309.5333333333333,150.15201186353337
1898,474750,306.6666666666667,153.15975682636451
1899,475000,308.66666666666663,156.30980633202626
1900,475250,311.73333333333335,151.78074830345105
1901,475500,305.7333333333333,146.3280029401223
1902,475750,306.93333333333334,158.11829608098978
1903,476000,307.4666666666667,157.0885949605084
1904,476250,297.3333333333333,150.1636144713862
1905,476500,306.26666666666665,153.90406824454712
1906,476750,305.46666666666664,157.54866620261254
1907,477000,311.26666666666665,154.58523718504156
1908,477250,308.6666666666667,156.79583327797116
1909,477500,305.66666666666663,157.57058383114816
1910,477750,305.53333333333336,157.07529687665368
1911,478000,304.46666666666664,157.20214869891427
1912,478250,310.0666666666667,154.19459566837398
1913,478500,302.6,152.97064351625698
1914,478750,303.8666666666667,156.43452304398798
1915,479000,302.4666666666667,160.4108059535475
1916,479250,307.6,156.36572514461088
1917,479500,301.7333333333333,155.2485319307937
1918,479750,303.00000000000006,161.7957560218026
1919,480000,311.3333333333333,154.1397634183557
1920,480250,308.2,157.00978030400242
1921,480500,305.66666666666663,147.0083897832592
1922,480750,306.66666666666663,156.80589558077492
1923,481000,308.4,157.6008178207771
1924,481250,310.6666666666667,155.8370944287656
1925,481500,301.93333333333334,162.48054926325455
1926,481750,297.1333333333333,148.98137094579607
1927,482000,300.8666666666667,162.78405600331035
1928,482250,304.6666666666667,145.9118455323853
1929,482500,309.26666666666665,151.25010927452433
1930,482750,306.1333333333333,158.61085853258737
1931,483000,296.2,153.15302441965974
1932,483250,299.1333333333333,145.45126713477305
1933,483500,301.19999999999993,156.36802742248813
1934,483750,299.33333333333337,149.54687113633193
1935,484000,310.26666666666665,155.34411979716373
1936,484250,301.9333333333333,158.64795407862445
1937,484500,304.46666666666664,156.10674410657455
1938,484750,304.2,149.5640479675662
1939,485000,296.93333333333334,144.20932316909642
1940,485250,308.33333333333337,149.40712462559773
1941,485500,308.4,139.13021878002556
1942,485750,308.93333333333334,147.37999261169145
1943,486000,331.7333333333333,137.19562675245882
1944,486250,304.7333333333333,152.19773687907158
1945,486500,309.46666666666664,157.10245772177538
1946,486750,314.46666666666664,147.2127108038644
1947,487000,309.8,150.97013685567825
1948,487250,298.4,143.48138090590942
1949,487500,336.5333333333333,138.36161959798596
1950,487750,305.0666666666667,157.0162624273889
1951,488000,316.73333333333335,146.48843716219454
1952,488250,306.33333333333337,156.47392399019364
1953,488500,305.6,150.00494806653694
1954,488750,312.06666666666666,151.2324774055567
1955,489000,328.4,142.53613966679157
1956,489250,306.0,158.69089450879025
1957,489500,312.8,151.85762337722062
1958,489750,320.73333333333335,127.55223766494
1959,490000,314.0,152.97116649152474
1960,490250,315.4,150.8769034676945
1961,490500,304.4666666666667,141.5510273128858
1962,490750,308.3333333333333,157.2920849884062
1963,491000,347.53333333333336,144.24001602267737
1964,491250,334.46666666666664,136.93739039754223
1965,491500,312.66666666666663,146.81159506130447
1966,491750,343.46666666666664,135.94747351663273
1967,492000,313.93333333333334,150.440301928853
1968,492250,306.06666666666666,138.92146462420172
1969,492500,303.6666666666667,134.84163550872063
1970,492750,320.0,140.81461414056267
1971,493000,351.6666666666667,137.55289891529006
1972,493250,308.46666666666664,144.8896284916365
1973,493500,362.33333333333337,143.3635627037467
1974,493750,345.0666666666667,126.70865970581666
1975,494000,351.8666666666667,140.56214125985545
1976,494250,360.4666666666666,131.91893133453001
1977,494500,340.33333333333337,138.86268197195545
1978,494750,361.33333333333337,141.71881393175087
1979,495000,374.2,150.51963327087932
1980,495250,336.4,140.86816531778925
1981,495500,354.6,136.43417623324606
1982,495750,374.53333333333336,142.23120457746097
1983,496000,358.2,147.54910293789584
1984,496250,373.2,129.26640880153067
1985,496500,341.66666666666663,136.4637518008191
1986,496750,352.26666666666665,140.34028486345449
1987,497000,362.9333333333333,148.69646935956482
1988,497250,352.2,138.65955109948652
1989,497500,371.2,150.9264132689246
1990,497750,370.46666666666664,156.61780798420648
1991,498000,348.1333333333333,130.91228615629117
1992,498250,350.0,138.19551367537227
1993,498500,368.2,146.47208304353123
1994,498750,374.4666666666667,142.65492163492524
1995,499000,374.4,147.15349506930207
1996,499250,369.66666666666663,144.74682878890454
1997,499500,377.93333333333334,146.53151348581795
1998,499750,358.1333333333333,139.91435475556705
1999,500000,368.8666666666667,155.59257337318155
2000,500250,365.5333333333334,152.73136911293344
2001,500500,365.2,147.3374961704514
2002,500750,369.8666666666667,152.82911299152977
2003,501000,370.5333333333333,145.4556977227087
2004,501250,379.0,145.52953117647445
2005,501500,355.0,143.33612400384087
2006,501750,368.66666666666663,138.451596034298
2007,502000,361.93333333333334,134.81450630815334
2008,502250,365.6,148.02963667230063
2009,502500,368.73333333333335,149.96064668957504
2010,502750,369.53333333333336,143.34241831673168
2011,503000,352.2,137.4513408850969
2012,503250,372.6666666666667,126.0915011674723
2013,503500,373.5333333333333,136.54703707270008
2014,503750,370.4,144.15784558755186
2015,504000,382.33333333333337,141.1210670153665
2016,504250,382.19999999999993,142.48143738747163
2017,504500,377.33333333333337,145.67970956100157
2018,504750,370.99999999999994,144.39575247677243
2019,505000,373.2,147.52696175426524
2020,505250,363.33333333333337,146.4502949429904
2021,505500,372.6,136.852621458268
2022,505750,372.8,138.99809750896273
2023,506000,382.99999999999994,127.23521525112456
2024,506250,378.8,148.4931124478319
2025,506500,396.6666666666667,119.67121625520484
2026,506750,384.46666666666664,142.39126065567055
2027,507000,388.4,120.32278808826419
2028,507250,370.66666666666663,146.79585219692763
2029,507500,389.93333333333334,134.5759430375446
2030,507750,360.0666666666667,134.80395642067285
2031,508000,368.59999999999997,139.01644986595412
2032,508250,376.6,148.91345734277266
2033,508500,349.6,130.72063511337623
2034,508750,388.1333333333333,136.2110453997358
2035,509000,390.6,135.13851330312087
2036,509250,380.93333333333334,138.28913350095314
2037,509500,380.73333333333335,136.74768330355323
2038,509750,384.6,130.9188722496154
2039,510000,380.4666666666667,146.54837654053583
2040,510250,380.6,135.491598755544
2041,510500,387.4666666666667,117.54348604287313
2042,510750,390.8666666666667,117.94831259685084
2043,511000,378.2,130.74582636211036
2044,511250,390.2666666666666,116.32777446126573
2045,511500,379.80000000000007,133.0083706639047
2046,511750,370.1333333333333,134.52180327201816
2047,512000,390.4,134.92967715731695
2048,512250,394.2,112.32919873696639
2049,512500,380.73333333333335,111.10503538944079
2050,512750,385.8666666666667,140.07785137003083
2051,513000,382.33333333333337,132.4953667953043
2052,513250,383.8,129.7045531626053
2053,513500,372.0,117.33390151377583
2054,513750,349.00000000000006,124.31894465446528
2055,514000,407.6,113.37850080347881
2056,514250,374.0,138.180719028058
2057,514500,373.93333333333334,134.523091780639
2058,514750,355.8666666666667,128.5586074736171
2059,515000,384.6,129.5308457472582
2060,515250,378.26666666666665,143.2873414584213
2061,515500,400.46666666666664,120.80831465130574
2062,515750,385.46666666666664,118.18001335063198
2063,516000,401.4,109.43133818873723
2064,516250,381.8,121.76837757717632
2065,516500,387.93333333333334,122.31405842702175
2066,516750,372.66666666666663,122.7363932263867
2067,517000,400.26666666666665,110.01240334111826
2068,517250,397.0,121.53316876931628
2069,517500,392.79999999999995,131.97131001345204
2070,517750,383.26666666666665,119.7074953561574
2071,518000,394.1333333333333,110.58221677406664
2072,518250,375.66666666666663,104.20876482650903
2073,518500,402.2,118.46154556554535
2074,518750,374.26666666666665,136.50745197403856
2075,519000,372.8666666666667,121.90918295554641
2076,519250,396.8,119.34685212066178
2077,519500,393.0,121.47592354042837
2078,519750,389.2666666666667,137.78863039694772
2079,520000,384.53333333333336,116.42557947270674
2080,520250,376.4,115.32743722886491
2081,520500,402.8,126.08173715667326
2082,520750,362.6,147.98519445464055
2083,521000,383.73333333333335,142.72684089235324
2084,521250,383.73333333333335,121.74753476856203
2085,521500,358.8,119.35206556886878
2086,521750,378.2,137.86782720336817
2087,522000,393.6666666666667,113.05003808540319
2088,522250,402.93333333333334,127.15456910565364
2089,522500,387.26666666666665,128.9508778135647
2090,522750,362.2666666666667,133.90085884713363
2091,523000,368.8666666666667,161.27183400843572
2092,523250,372.3333333333333,132.98822002969536
2093,523500,390.66666666666663,127.33804528803547
2094,523750,340.53333333333336,160.09533271009357
2095,524000,353.73333333333335,164.07727176885624
2096,524250,336.73333333333335,164.32182515485343
2097,524500,353.2666666666667,174.1978951269695
2098,524750,359.8,138.0429240812034
2099,525000,374.53333333333336,145.94406843414745
2100,525250,345.06666666666666,155.45351573880714
2101,525500,359.8,174.46471785945081
2102,525750,355.66666666666663,152.22293592695624
2103,526000,351.06666666666666,141.91803581253825
2104,526250,355.2,169.99785619563298
2105,526500,358.66666666666663,171.25406726719092
2106,526750,364.1333333333333,167.81280576218782
2107,527000,350.73333333333335,167.6441204191519
2108,527250,376.0,152.03742229391347
2109,527500,356.4,178.02851207351904
2110,527750,360.6,166.53360021329027
2111,528000,339.8666666666667,165.29980842900775
2112,528250,362.66666666666663,170.76819896508184
2113,528500,352.6,177.89065305530937
2114,528750,373.0,155.70285089804162
2115,529000,357.8666666666667,175.99780301659072
2116,529250,361.2,170.8084827453771
2117,529500,355.1333333333333,174.5552570900624
2118,529750,361.6,170.93226728736738
2119,530000,360.6666666666667,173.00481688862502
2120,530250,355.46666666666664,180.20156615424975
2121,530500,345.46666666666664,172.66648648639247
2122,530750,350.66666666666663,170.59204097625553
2123,531000,345.8666666666667,176.69894044831045
2124,531250,360.6,153.16852011936248
2125,531500,347.8,172.90711700537693
2126,531750,359.26666666666665,147.5413915558011
2127,532000,330.46666666666664,167.78870310270858
2128,532250,355.5333333333333,179.36227771375638
2129,532500,342.33333333333337,174.76663805708964
2130,532750,353.46666666666664,183.34722371621677
2131,533000,348.93333333333334,174.9744616286109
2132,533250,354.46666666666664,178.38143899458203
2133,533500,356.6666666666667,178.26123153020868
2134,533750,352.6,184.58173738963933
2135,534000,351.93333333333334,185.2501491977207
2136,534250,352.6,183.70996464838566
2137,534500,344.8,177.19751691262493
2138,534750,353.8666666666667,174.30351561444638
2139,535000,354.93333333333334,180.3160681815252
2140,535250,336.46666666666664,173.59039912007424
2141,535500,355.0666666666667,179.67444633744296
2142,535750,354.2,179.6695237868064
2143,536000,354.4,181.56387305849145
2144,536250,342.66666666666663,149.23464000619217
2145,536500,340.66666666666663,178.11219934511942
2146,536750,334.8,147.81889820542793
2147,537000,347.06666666666666,173.2726047462655
2148,537250,348.8,158.8766957248433
2149,537500,348.6,154.79454483640924
2150,537750,354.53333333333336,180.15617915822062
2151,538000,340.73333333333335,179.47483884315866
2152,538250,349.2,182.01448049842384
2153,538500,337.53333333333336,176.2880975373361
2154,538750,356.73333333333335,172.93677714381315
2155,539000,350.66666666666663,186.25299401023807
2156,539250,346.73333333333335,177.91138868049518
2157,539500,354.8,180.5859106107426
2158,539750,350.0666666666667,182.17969151362618
2159,540000,355.0,177.88922895380085
2160,540250,334.4666666666667,177.1557506828384
2161,540500,349.93333333333334,181.79602733711084
2162,540750,348.1333333333333,181.69493358068323
2163,541000,350.93333333333334,179.65713023546948
2164,541250,336.1333333333333,166.82946715466997
2165,541500,352.26666666666665,183.60614852933924
2166,541750,348.4,186.48650829960266
2167,542000,350.7333333333333,186.03469210517338
2168,542250,341.6,175.9451177056199
2169,542500,344.6666666666667,179.02563441523614
2170,542750,350.53333333333336,186.78098880179905
2171,543000,349.06666666666666,188.14337322608228
2172,543250,354.0666666666667,181.56240433158695
2173,543500,339.4,172.32442272256904
2174,543750,350.0,177.68148781207094
2175,544000,352.5333333333333,184.95195772596372
2176,544250,353.33333333333337,179.55154010911616
2177,544500,354.46666666666664,182.21398897389238
2178,544750,352.2666666666667,182.9738779170404
2179,545000,349.4,181.85860197172724
2180,545250,356.0,178.95697807014957
2181,545500,348.0,184.00978234865667
2182,545750,349.2666666666667,185.81919527684252
2183,546000,345.6,177.7810638585186
2184,546250,351.2666666666667,180.24679377638503
2185,546500,349.53333333333336,182.23642763057984
2186,546750,349.26666666666665,183.88672841966843
2187,547000,352.33333333333337,171.03943664806923
2188,547250,357.46666666666664,169.8975639090279
2189,547500,356.8666666666667,177.44753215152548
2190,547750,354.8,180.44113844809462
2191,548000,352.2,181.72526272126038
2192,548250,360.26666666666665,170.0408316976968
2193,548500,341.73333333333335,170.24614859406103
2194,548750,355.0,179.37124754108294
2195,549000,361.8,162.71305349534123
2196,549250,347.73333333333335,179.71995499170987
2197,549500,354.1333333333333,147.76326411602523
2198,549750,351.1333333333333,172.8186718307178
2199,550000,350.8,181.96905719868357
2200,550250,355.1333333333333,178.37583294207144
2201,550500,348.73333333333335,173.09540079903275
2202,550750,341.4,170.84969352555999
2203,551000,356.93333333333334,174.72205228749905
2204,551250,353.0,182.63187016509468
2205,551500,360.2,172.64319016720907
2206,551750,355.53333333333336,179.14235183848132
2207,552000,353.6666666666667,182.62602954307107
2208,552250,351.4,174.33077117301403
2209,552500,359.80000000000007,169.6259414122734
2210,552750,351.8,176.99473940707327
2211,553000,363.8,147.55678379676226
2212,553250,356.2,171.22481647757073
2213,553500,362.6,168.35483691035168
2214,553750,358.2666666666667,166.8327705618214
2215,554000,362.2,170.83111868483186
2216,554250,356.2666666666667,168.1641261783658
2217,554500,358.4,170.81327036660042
2218,554750,364.1333333333333,164.65999986504175
2219,555000,350.1333333333333,165.50268208635708
2220,555250,356.8666666666667,166.1813734715443
2221,555500,357.6666666666667,172.39644234534927
2222,555750,395.6666666666667,131.19400392802513
2223,556000,356.0,173.5246380200806
2224,556250,363.66666666666663,168.4206374263888
2225,556500,365.0,163.62450237595155
2226,556750,391.93333333333334,133.33373333273335
2227,557000,370.4,144.55132114389147
2228,557250,367.26666666666665,163.04769581662634
2229,557500,362.0666666666667,156.61962414291088
2230,557750,356.9333333333333,162.28690643425304
2231,558000,380.73333333333335,141.23147272789055
2232,558250,369.2666666666667,160.45468726923085
2233,558500,369.1333333333333,160.56505777340777
2234,558750,378.06666666666666,147.18354376612746
2235,559000,365.06666666666666,164.2527050343802
2236,559250,366.53333333333336,163.56916308128228
2237,559500,376.73333333333335,149.1281924311355
2238,559750,365.8,157.28425788291014
2239,560000,365.0,166.38990353984823
2240,560250,360.2,171.97720779219551
2241,560500,354.40000000000003,162.5971709470986
2242,560750,363.0,169.07013666260258
2243,561000,365.93333333333334,165.69696570681205
2244,561250,383.6666666666667,142.8603047269138
2245,561500,371.46666666666664,157.539215576454
2246,561750,356.26666666666665,167.73648645684958
2247,562000,359.73333333333335,172.93009506091695
2248,562250,366.8,163.20806080310834
2249,562500,358.8,171.98767397694522
2250,562750,360.53333333333336,172.6435763196663
2251,563000,365.2,165.83105191060503
2252,563250,361.73333333333335,170.8933910691432
2253,563500,359.33333333333337,173.643824473483
2254,563750,372.33333333333337,156.50914066312905
2255,564000,360.66666666666663,171.9710569963575
2256,564250,371.2666666666667,157.86356978944403
2257,564500,369.8666666666667,160.0618769240335
2258,564750,362.5333333333333,169.3576885372101
2259,565000,361.93333333333334,170.0699725276498
2260,565250,378.8666666666667,148.53560740329797
2261,565500,365.6666666666667,165.50850934821045
2262,565750,363.0,166.96480001618437
2263,566000,364.1333333333333,167.3867909298036
2264,566250,360.8,168.11353306619904
2265,566500,368.06666666666666,161.27842040672672
2266,566750,366.6,163.83004744076845
2267,567000,368.8666666666667,161.31068711581938
2268,567250,362.7333333333333,168.77235160614035
2269,567500,364.7333333333333,166.08062299176666
2270,567750,363.93333333333334,167.28982170007964
2271,568000,372.4,156.57804585715215
2272,568250,365.8,165.15011353311266
2273,568500,368.06666666666666,162.17362437968896
2274,568750,365.4666666666667,158.74264287413973
2275,569000,368.2,161.7061257686644
2276,569250,365.0,162.10504139120548
2277,569500,369.93333333333334,156.21415499954614
2278,569750,374.8666666666667,153.30080814456844
2279,570000,365.99999999999994,161.92714411117117
2280,570250,367.46666666666664,162.4871413715901
2281,570500,365.2,161.5869356655351
2282,570750,371.33333333333337,157.74677316650394
2283,571000,369.8666666666667,159.38905580720123
2284,571250,368.2666666666667,161.99415627320224
2285,571500,370.1333333333333,159.50682326053223
2286,571750,370.93333333333334,158.3456696948518
2287,572000,369.8,159.80287857232108
2288,572250,367.06666666666666,163.06159708663608
2289,572500,371.26666666666665,149.85168964308974
2290,572750,368.4,156.3854781550313
2291,573000,363.1333333333333,165.79299006760075
2292,573250,364.26666666666665,159.86930773464792
2293,573500,372.66666666666663,155.2255706311875
2294,573750,360.73333333333335,159.27173146683765
2295,574000,365.26666666666665,162.46947063645186
2296,574250,360.26666666666665,160.83219688717665
2297,574500,371.33333333333337,151.55915603413007
2298,574750,362.93333333333334,163.38031977226905
2299,575000,366.8,156.61142288408524
2300,575250,372.8666666666667,152.86531471999933
2301,575500,368.1333333333333,158.34780284761348
2302,575750,368.06666666666666,162.12099733772234
2303,576000,362.1333333333333,165.94585462332785
2304,576250,367.9333333333333,162.21746720580575
2305,576500,361.1333333333333,158.58185408313415
2306,576750,359.1333333333333,162.22256316554734
2307,577000,361.6,134.71111477693458
2308,577250,357.2,149.1596609155587
2309,577500,361.6666666666667,160.219848957612
2310,577750,364.0,140.99850275012773
2311,578000,377.33333333333337,150.28875909764878
2312,578250,358.7333333333333,159.1179017793619
2313,578500,367.1333333333333,163.04867712162252
2314,578750,351.3333333333333,144.22482449287293
2315,579000,368.8,158.8175193246779
2316,579250,362.06666666666666,155.60525555248947
2317,579500,359.0,155.9665206239966
2318,579750,366.7333333333333,159.1551863224486
2319,580000,363.4,155.33138768452432
2320,580250,368.53333333333336,161.00056590652787
2321,580500,365.26666666666665,165.59071364193235
2322,580750,356.6666666666667,153.01982442372187
2323,581000,365.1333333333333,156.70220873434496
2324,581250,361.2,163.8479783213696
2325,581500,363.3333333333333,168.75741958997438
2326,581750,366.1333333333333,159.45889055734014
2327,582000,372.3333333333333,156.79625845876126
2328,582250,346.46666666666664,154.1845359013384
2329,582500,358.2,156.15527884484442
2330,582750,356.6,164.4830825478549
2331,583000,364.93333333333334,163.25786011365238
2332,583250,362.1333333333333,161.75655233165122
2333,583500,363.1333333333333,157.0417637304025
2334,583750,366.53333333333336,162.9746537894092
2335,584000,369.00000000000006,155.68900624856806
2336,584250,363.6,154.42328552103504
2337,584500,357.66666666666663,157.76071895261015
2338,584750,369.4,160.96409537533518
2339,585000,367.2666666666667,163.492222037217
2340,585250,361.8666666666667,159.71566401994932
2341,585500,363.66666666666663,160.528432926313
2342,585750,366.6,164.09433601167078
2343,586000,363.66666666666663,165.1348270690078
2344,586250,365.1333333333333,164.05495014374503
2345,586500,363.8,163.21949774596308
2346,586750,365.8666666666667,159.35377832566968
2347,587000,368.46666666666664,161.6855109292247
2348,587250,366.8666666666667,164.19143298804195
2349,587500,366.66666666666663,163.96476586280494
2350,587750,364.26666666666665,166.0807567955354
2351,588000,364.93333333333334,166.25848683434012
2352,588250,370.9333333333333,158.07879891581499
2353,588500,367.6,161.58415763929332
2354,588750,366.4,157.170452411104
2355,589000,368.4,161.63957161261936
2356,589250,364.33333333333337,159.98305465822867
2357,589500,374.46666666666664,153.75241280852944
2358,589750,373.6,154.85425405845328
2359,590000,368.0,159.67981852583765
2360,590250,360.2,155.26172884662995
2361,590500,369.93333333333334,159.4198370481053
2362,590750,364.6666666666667,166.58571367317185
2363,591000,374.6666666666667,153.52220252024352
2364,591250,366.8,163.7832714290443
2365,591500,368.46666666666664,161.367709836193
2366,591750,367.73333333333335,161.83549947057008
2367,592000,363.53333333333336,159.27957252021434
2368,592250,372.4,156.279720728926
2369,592500,365.1333333333333,159.61893510622244
2370,592750,372.26666666666665,156.49201612577912
2371,593000,373.6,150.03812848739483
2372,593250,369.06666666666666,161.158362419633
2373,593500,381.26666666666665,145.68099090516617
2374,593750,373.2666666666667,155.6563736782618
2375,594000,374.73333333333335,153.71928238766202
2376,594250,374.33333333333337,153.99624815054568
2377,594500,367.8666666666667,162.6843706212875
2378,594750,368.4,155.25168097139704
2379,595000,381.6,145.39240389755963
2380,595250,371.6666666666667,157.48100414547358
2381,595500,370.33333333333337,158.8564691089972
2382,595750,363.73333333333335,161.53697891057502
2383,596000,366.6,164.09433601167078
2384,596250,368.4,161.37539396629765
2385,596500,369.06666666666666,160.84159218864312
2386,596750,369.4,156.2063307864882
2387,597000,371.06666666666666,158.02874562700433
2388,597250,373.4,150.240754938347
2389,597500,367.4,162.61452716299502
2390,597750,367.4,162.6637158202297
2391,598000,370.8666666666667,149.17485638598006
2392,598250,369.8,159.6473335546545
2393,598500,371.06666666666666,158.3511428580307
2394,598750,374.00000000000006,147.01337807605583
2395,599000,376.06666666666666,144.37180395692843
2396,599250,372.4,156.38107302356
2397,599500,369.6,156.54980038313687
2398,599750,378.0,149.49752877927818
2399,600000,374.2,151.38143141672884
2400,600250,388.8666666666667,131.45571286347524
2401,600500,373.53333333333336,151.83611047588266
2402,600750,370.66666666666663,152.53866540796943
2403,601000,371.53333333333336,151.4941289658154
2404,601250,367.33333333333337,159.72323284704424
2405,601500,382.26666666666665,143.5112693987634
2406,601750,374.66666666666663,153.53841357928786
2407,602000,387.1333333333333,136.93430703970589
2408,602250,369.1333333333333,154.924440364399
2409,602500,375.2,152.89017118325313
2410,602750,379.4,144.57791440373364
2411,603000,373.53333333333336,153.9599659363145
2412,603250,378.26666666666665,137.59366910500563
2413,603500,393.4,133.04675869783523
2414,603750,372.8666666666667,154.90148840831424
2415,604000,388.66666666666663,139.33668257537607
2416,604250,383.06666666666666,144.60711523911186
2417,604500,373.26666666666665,155.31650838780072
2418,604750,383.93333333333334,141.3272640206254
2419,605000,365.2,152.51733599095473
2420,605250,386.1333333333333,140.4420956203026
2421,605500,386.0,141.1412216343774
2422,605750,404.8666666666667,122.83495702228525
2423,606000,377.8,149.78437835769122
2424,606250,378.26666666666665,145.1989286767946
2425,606500,377.5333333333333,149.99342207799202
2426,606750,382.73333333333335,142.62638060486722
2427,607000,394.7333333333333,131.69702603577147
2428,607250,373.8666666666667,150.7117336728188
2429,607500,399.2,129.85506450569332
2430,607750,391.06666666666666,135.38002478619623
2431,608000,382.66666666666663,137.61992749759915
2432,608250,384.5333333333333,142.22948592562184
2433,608500,381.8666666666667,145.56763987156546
2434,608750,381.0,143.8060422158185
2435,609000,389.9333333333333,136.6605527087706
2436,609250,386.8666666666667,139.51942915275674
2437,609500,402.2,121.9970127138821
2438,609750,371.46666666666664,149.31258784472558
2439,610000,385.0,141.41161354161986
2440,610250,398.66666666666663,127.71565639689165
2441,610500,397.93333333333334,130.42603693707446
2442,610750,380.6,146.48358269785732
2443,611000,376.8666666666667,151.43779067473363
2444,611250,381.1333333333333,143.96474877166594
2445,611500,380.73333333333335,143.01148361038858
2446,611750,388.73333333333335,138.73818668428834
2447,612000,410.0,122.17928538740836
2448,612250,391.2,135.29138923080063
2449,612500,400.4,128.13211931440142
2450,612750,406.73333333333335,127.11156954074288
2451,613000,398.66666666666663,129.29621460472504
2452,613250,405.8,122.79804558705322
2453,613500,386.73333333333335,138.06639304656616
2454,613750,378.1333333333333,143.81973284482055
2455,614000,384.8,141.56625461049833
2456,614250,394.8666666666667,125.23251264037715
2457,614500,385.8666666666667,129.92384093939205
2458,614750,375.53333333333336,152.57546038308755
2459,615000,413.8,121.00644610928792
2460,615250,403.7333333333333,124.34350271190958
2461,615500,392.8,132.4016784049373
2462,615750,420.8666666666666,117.34613566520014
2463,616000,419.6,120.81011730995235
2464,616250,401.1333333333333,129.32879717130976
2465,616500,390.33333333333337,136.93567021699562
2466,616750,385.1333333333333,132.91728422009098
2467,617000,415.2666666666667,120.480593181364
2468,617250,396.4666666666667,127.86826554440056
2469,617500,404.6,127.36725551639157
2470,617750,415.0,126.21427987531541
2471,618000,431.8666666666666,122.12372596856208
2472,618250,401.6666666666667,128.8668563544043
2473,618500,396.6,132.05157241690753
2474,618750,407.2666666666667,121.36160842704749
2475,619000,408.1333333333333,124.26970668670623
2476,619250,403.46666666666664,127.31092298428722
2477,619500,402.8,126.79179784197399
2478,619750,396.33333333333337,131.16876321916146
2479,620000,418.1333333333333,124.13229501892998
2480,620250,403.93333333333334,127.61894669505602
2481,620500,434.7333333333334,125.4305296878626
2482,620750,433.0,116.38556611539079
2483,621000,416.3333333333333,124.03332885425057
2484,621250,395.2,127.65554346669704
2485,621500,410.33333333333337,124.03512047444914
2486,621750,407.1333333333333,125.57841286533996
2487,622000,397.06666666666666,125.68220947205606
2488,622250,418.1333333333334,119.79957336225276
2489,622500,386.0,141.29936698765184
2490,622750,420.4,121.8841708800249
2491,623000,412.9333333333333,123.33899086123036
2492,623250,398.2666666666667,131.00727715156387
2493,623500,432.2,123.4802008420783
2494,623750,415.5333333333334,118.29090319114897
2495,624000,416.3333333333333,119.3493471564326
2496,624250,395.0,131.207384616026
2497,624500,415.0666666666666,121.53379045443378
2498,624750,408.73333333333335,126.35829129019503
2499,625000,415.6,123.20487003361514
2500,625250,433.6,122.09766582535475
2501,625500,392.8,134.29744764679796
2502,625750,418.33333333333337,118.9629260642902
2503,626000,417.6,121.15708811291232
2504,626250,425.4666666666666,122.29011043870682
2505,626500,401.6,129.0559568559313
2506,626750,417.6,121.62572827234285
2507,627000,421.0,123.04542973137109
2508,627250,420.33333333333337,123.29008250643862
2509,627500,419.0666666666667,124.07621313800107
2510,627750,428.1333333333333,123.51043140830926
2511,628000,433.2,123.52626351419272
2512,628250,427.33333333333337,116.6306611106664
2513,628500,417.6,120.57702010656001
2514,628750,430.2666666666666,121.5122124635124
2515,629000,412.66666666666663,121.59842835241655
2516,629250,434.1333333333334,128.2619888266893
2517,629500,436.0666666666666,125.54634381153616
2518,629750,429.0,120.64788067393108
2519,630000,415.2,123.96031623063891
2520,630250,414.0666666666666,119.74758638254235
2521,630500,419.7333333333333,124.97082326153838
2522,630750,420.4,120.75492168483697
2523,631000,419.3333333333333,117.9926551386427
2524,631250,404.8,126.44236280262683
2525,631500,403.53333333333336,121.92011956832867
2526,631750,429.4,119.53509944781909
2527,632000,430.2666666666666,119.32986959591372
2528,632250,407.9333333333333,124.3611943761665
2529,632500,429.4,123.5339629413709
2530,632750,428.4,124.14890700731566
2531,633000,429.66666666666663,122.01493533352564
2532,633250,418.6,120.91326551614499
2533,633500,428.8,121.60000000000001
2534,633750,404.2,128.0690091751752
2535,634000,419.8666666666666,120.98789654800645
2536,634250,420.8666666666666,122.77379380162708
2537,634500,417.2666666666666,124.66709447341927
2538,634750,417.3333333333333,125.03226250319021
2539,635000,432.8,122.68633900226129
2540,635250,429.5333333333333,115.38931204116494
2541,635500,429.4666666666666,119.14297666622606
2542,635750,432.6666666666667,119.61716710684411
2543,636000,433.0,122.97280638869356
2544,636250,422.9333333333333,120.67134429239334
2545,636500,417.4,116.97566698534642
2546,636750,418.2,122.3931007496383
2547,637000,437.33333333333337,124.00143368346818
2548,637250,432.7333333333333,128.29382941773417
2549,637500,411.6,119.16420044068046
2550,637750,435.7333333333334,125.39066064814308
2551,638000,428.8,120.86771464888565
2552,638250,409.4666666666667,123.23881062572961
2553,638500,422.2666666666666,120.83825737093548
2554,638750,420.8666666666666,116.26265283591479
2555,639000,433.8666666666667,128.14065188950252
2556,639250,425.2,120.59419554854206
2557,639500,406.73333333333335,123.80278223403903
2558,639750,438.5333333333334,121.93579366936429
2559,640000,434.5333333333333,122.65681119829152
2560,640250,438.0,124.0
2561,640500,410.1333333333334,124.69511261918453
2562,640750,420.8,124.07714446173307
2563,641000,427.4666666666666,120.9008041513556
2564,641250,414.4666666666666,124.56637677247508
2565,641500,426.4,120.13758779000017
2566,641750,423.3333333333333,122.33996348972263
2567,642000,438.7333333333334,122.53333333333335
2568,642250,432.8,126.07204289611555
2569,642500,436.0,124.36576878082025
2570,642750,426.4,116.59681718545227
2571,643000,436.5333333333333,118.17963727591427
2572,643250,404.73333333333335,122.99546513772142
2573,643500,422.5333333333334,118.09649538501228
2574,643750,435.4666666666666,125.10504031057705
2575,644000,430.66666666666663,119.82227579952642
2576,644250,422.4,119.12186104060739
2577,644500,437.5333333333334,124.93333333333334
2578,644750,431.0,124.38184933680817
2579,645000,427.2666666666666,125.67372217152018
2580,645250,423.66666666666663,123.5989931638244
2581,645500,430.2666666666666,121.81249707827372
2582,645750,437.1333333333334,125.73333333333335
2583,646000,434.9333333333334,130.13333333333335
2584,646250,436.6,126.8
2585,646500,435.2666666666666,129.46666666666667
2586,646750,421.3333333333333,121.49842248632969
2587,647000,436.4,127.2
2588,647250,437.2,125.6
2589,647500,415.8666666666666,126.00398582760961
2590,647750,433.33333333333337,125.32641824895146
2591,648000,436.9333333333334,126.13333333333333
2592,648250,434.0,124.95670361280254
2593,648500,434.4,131.2
2594,648750,433.8666666666666,132.26666666666665
2595,649000,435.8,128.4
2596,649250,435.33333333333337,129.33333333333334
2597,649500,436.8666666666666,126.26666666666667
2598,649750,438.1333333333334,123.73333333333332
2599,650000,435.1333333333334,129.73333333333332
2600,650250,436.33333333333337,127.33333333333333
2601,650500,431.7333333333334,128.42384686826836
2602,650750,424.1333333333334,124.35086560928227
2603,651000,434.5333333333333,127.62612062844606
2604,651250,426.8,123.03145036037647
2605,651500,435.6,128.79999999999998
2606,651750,436.0,128.0
2607,652000,436.5333333333334,126.93333333333334
2608,652250,436.2666666666666,127.46666666666665
2609,652500,436.1333333333334,127.73333333333333
2610,652750,425.4,123.1253020300864
2611,653000,434.8,126.27458616487765
2612,653250,437.1333333333334,125.73333333333335
2613,653500,423.2,120.99340661558566
2614,653750,436.33333333333337,127.33333333333333
2615,654000,434.6,126.02229079721485
2616,654250,432.6,125.8338233986042
2617,654500,437.4666666666666,125.06666666666668
2618,654750,423.4,125.93338627138468
2619,655000,430.2666666666666,130.17482262113685
2620,655250,438.6,122.8
2621,655500,436.0666666666666,127.86666666666666
2622,655750,437.66666666666663,124.66666666666667
2623,656000,436.5333333333334,126.93333333333334
2624,656250,437.6,123.47098624553239
2625,656500,432.4666666666666,124.83190475373051
2626,656750,435.4666666666666,129.06666666666666
2627,657000,436.4666666666666,127.06666666666668
2628,657250,424.0,122.39625992833459
2629,657500,435.9333333333334,128.13333333333335
2630,657750,434.33333333333337,125.41947394421828
2631,658000,436.8,126.4
2632,658250,436.0,128.0
2633,658500,435.66666666666663,128.66666666666666
2634,658750,435.5333333333334,123.4776812941423
2635,659000,438.5333333333334,122.93333333333334
2636,659250,435.7333333333334,128.53333333333333
2637,659500,435.6,128.79999999999998
2638,659750,435.0,127.67945975936945
2639,660000,436.4,127.2
2640,660250,438.0666666666666,123.86666666666667
2641,660500,435.1333333333334,129.73333333333332
2642,660750,436.6,126.8
2643,661000,432.0666666666666,129.14185137970486
2644,661250,433.1333333333334,126.84927188509116
2645,661500,438.0,124.0
2646,661750,435.7333333333333,126.21294175585427
2647,662000,436.3333333333333,123.69927692234548
2648,662250,432.5333333333333,127.7263742015198
2649,662500,437.4666666666666,125.06666666666668
2650,662750,427.8666666666666,127.64144224262658
2651,663000,436.2,127.6
2652,663250,434.6,130.8
2653,663500,436.2,127.6
2654,663750,436.9333333333333,122.33603993372787
2655,664000,430.5333333333334,125.40310114896593
2656,664250,426.8,127.87156751122501
2657,664500,424.2,118.69973322070554
2658,664750,431.66666666666663,125.4260295508428
2659,665000,430.1333333333334,125.1194273928358
2660,665250,436.6666666666667,124.51131140047747
2661,665500,437.1333333333334,125.73333333333335
2662,665750,422.2,126.05000771298845
2663,666000,423.33333333333337,122.50913798116812
2664,666250,435.4666666666666,126.08808208726329
2665,666500,435.66666666666663,128.66666666666666
2666,666750,437.1333333333334,125.73333333333335
2667,667000,425.4666666666666,124.09756018731572
2668,667250,436.1333333333334,123.42980011146237
2669,667500,430.7333333333334,128.11945814573036
2670,667750,428.66666666666663,126.5070924669619
2671,668000,436.8666666666667,126.10006608510032
2672,668250,435.1333333333334,129.73333333333332
2673,668500,425.9333333333333,124.35797789714444
2674,668750,434.7333333333334,130.53333333333333
2675,669000,437.7333333333334,124.53333333333333
2676,669250,435.8,128.06692694750575
2677,669500,426.2666666666667,121.80337524971227
2678,669750,437.4,125.20000000000002
2679,670000,435.2,129.60000000000002
2680,670250,434.0,124.47507559525499
2681,670500,436.4,127.2
2682,670750,436.0,126.67087712300375
2683,671000,435.4,129.2
2684,671250,422.9333333333334,127.01467981650346
2685,671500,429.3333333333333,127.5995471952955
2686,671750,435.2666666666666,129.13359146420595
2687,672000,431.6666666666667,121.85893483860755
2688,672250,435.7333333333334,128.53333333333333
2689,672500,429.8666666666666,120.37083441505993
2690,672750,434.7333333333334,130.53333333333333
2691,673000,435.2,129.60000000000002
2692,673250,436.8666666666666,126.26666666666667
2693,673500,435.0,130.0
2694,673750,407.73333333333335,126.28141413349613
2695,674000,425.0,125.19424906919647
2696,674250,424.9333333333333,125.61270282543526
2697,674500,423.9333333333333,125.87196316539722
2698,674750,434.4666666666666,131.06666666666666
2699,675000,416.8666666666667,126.42636855761802
2700,675250,428.4666666666667,127.05757225237176
2701,675500,420.0666666666666,123.4202216458515
2702,675750,417.1333333333334,124.27364071989594
2703,676000,430.2666666666667,122.86910831359434
2704,676250,429.8666666666666,124.88316317440251
2705,676500,418.3333333333333,124.73189024641792
2706,676750,420.7333333333333,123.2162326968326
2707,677000,412.6,127.83677092292342
2708,677250,435.33333333333337,129.33333333333334
2709,677500,436.0666666666666,127.86666666666666
2710,677750,394.1333333333333,134.19018013418287
2711,678000,400.4,129.5341053330915
2712,678250,413.66666666666663,123.15374311990864
2713,678500,427.8,127.77403666020903
2714,678750,429.0666666666666,123.13811577068878
2715,679000,418.7333333333333,125.7430183615244
2716,679250,422.8666666666666,123.52302529398224
2717,679500,421.2,127.05774715109311
2718,679750,406.4,127.15754008315825
2719,680000,414.2666666666667,124.46479198731039
2720,680250,425.1333333333333,129.0132809700872
2721,680500,425.7333333333334,125.47676190346075
2722,680750,403.2666666666667,128.45585493338427
2723,681000,417.4,125.15206750189947
2724,681250,424.33333333333337,126.50972733790518
2725,681500,427.6,125.16130037320286
2726,681750,427.7333333333333,124.74817299931355
2727,682000,408.0,127.49710236358752
2728,682250,426.1333333333334,125.1220914857875
2729,682500,401.2,130.124316627515
2730,682750,425.4,130.72726486000457
2731,683000,437.7333333333334,124.53333333333333
2732,683250,425.9333333333333,124.93632155800188
2733,683500,420.9333333333333,126.37956937557414
2734,683750,434.4666666666666,131.06666666666666
2735,684000,435.0666666666666,129.86666666666665
2736,684250,427.6,121.35501637756883
2737,684500,424.8,126.59675263519905
2738,684750,426.1333333333334,125.55983080233548
2739,685000,421.3333333333333,126.65964892840445
2740,685250,435.6,128.79999999999998
2741,685500,426.2,129.43940667354747
2742,685750,435.33333333333337,129.33333333333334
2743,686000,433.6,132.8
2744,686250,435.1333333333334,129.73333333333332
2745,686500,434.4666666666666,131.06666666666666
2746,686750,430.6,127.14023753320583
2747,687000,435.4,129.2
2748,687250,433.0,134.0
2749,687500,435.7333333333334,128.53333333333333
2750,687750,434.66666666666663,130.66666666666666
2751,688000,433.6,132.63339616317518
2752,688250,436.5333333333334,126.93333333333334
2753,688500,436.1333333333334,127.73333333333333
2754,688750,430.8,128.95091227974225
2755,689000,435.2666666666666,129.46666666666667
2756,689250,436.66666666666663,126.66666666666666
2757,689500,432.66666666666663,134.66666666666666
2758,689750,437.4,123.8709722968936
2759,690000,436.33333333333337,127.33333333333333
2760,690250,433.9333333333334,132.13333333333335
2761,690500,433.0,130.69217438104107
2762,690750,432.5333333333334,129.0170703606482
2763,691000,434.2,131.6
2764,691250,434.2,131.6
2765,691500,431.8666666666666,127.13904898880507
2766,691750,429.2666666666666,131.69466369008444
2767,692000,434.8666666666667,128.6064798782187
2768,692250,434.66666666666663,130.66666666666666
2769,692500,435.0,130.0
2770,692750,435.7333333333334,128.53333333333333
2771,693000,433.33333333333337,125.96736790843006
2772,693250,433.33333333333337,131.34247007135372
2773,693500,430.6,129.98707628068263
2774,693750,426.2666666666667,129.15613290381012
2775,694000,435.6,128.79999999999998
2776,694250,431.0,126.97051276225955
2777,694500,430.2,127.93811003762718
2778,694750,427.5333333333334,130.45179612067867
2779,695000,428.8,122.78139562291638
2780,695250,435.2,129.60000000000002
2781,695500,434.7333333333334,130.53333333333333
2782,695750,436.4666666666666,127.06666666666668
2783,696000,430.8666666666666,131.0564933318622
2784,696250,430.1333333333334,129.48901283292122
2785,696500,434.2666666666666,131.46666666666667
2786,696750,433.2666666666667,129.34027472781503
2787,697000,430.9333333333333,124.76099817918525
2788,697250,434.4666666666666,131.06666666666666
2789,697500,436.4666666666666,127.06666666666668
2790,697750,435.5333333333334,128.93333333333337
2791,698000,426.5333333333333,130.75177500388537
2792,698250,433.7333333333334,132.53333333333333
2793,698500,436.6,126.8
2794,698750,435.5333333333334,128.76673138319197
2795,699000,435.4,127.70528571676272
2796,699250,436.7333333333333,125.70165737438256
2797,699500,434.0666666666666,127.08849060573677
2798,699750,430.8666666666666,130.5743891852882
2799,700000,435.6,128.79999999999998
2800,700250,433.4,124.87369618938969
2801,700500,430.4666666666667,127.24946627262004
2802,700750,437.4666666666666,124.73360056981883
2803,701000,430.4666666666667,130.5726872920469
2804,701250,432.1333333333334,127.4035757391099
2805,701500,430.9333333333334,130.22090632630557
2806,701750,434.8,130.39999999999998
2807,702000,435.0666666666666,129.86666666666665
2808,702250,432.4666666666666,135.06666666666666
2809,702500,435.66666666666663,128.66666666666666
2810,702750,433.4666666666667,132.90006270377253
2811,703000,434.2,131.6
2812,703250,435.7333333333334,128.53333333333333
2813,703500,435.7333333333333,127.70163141740463
2814,703750,436.33333333333337,127.33333333333333
2815,704000,433.6,132.8
2816,704250,431.0666666666666,128.25970182060738
2817,704500,434.7333333333334,130.53333333333333
2818,704750,434.2666666666666,131.46666666666667
2819,705000,436.2,127.6
2820,705250,432.5333333333334,129.45674524291462
2821,705500,435.5333333333334,128.93333333333337
2822,705750,435.5333333333334,128.93333333333337
2823,706000,435.6,128.79999999999998
2824,706250,433.6,132.8
2825,706500,434.7333333333334,130.53333333333333
2826,706750,434.66666666666663,130.66666666666666
2827,707000,432.2,131.30957483917325
2828,707250,436.8666666666666,126.26666666666667
2829,707500,433.0,131.67907114563718
2830,707750,434.5333333333334,130.93333333333337
2831,708000,434.8,130.39999999999998
2832,708250,436.5333333333334,126.93333333333334
2833,708500,436.5333333333334,126.93333333333334
2834,708750,434.33333333333337,131.33333333333334
2835,709000,434.1333333333333,130.9015915360339
2836,709250,432.4,130.25759094962567
2837,709500,432.8,127.83767485022211
2838,709750,435.6,128.79999999999998
2839,710000,431.0666666666666,134.55810805910005
2840,710250,434.2,131.6
2841,710500,436.0666666666666,127.86666666666666
2842,710750,433.66666666666663,128.3772219325185
2843,711000,435.0,129.6669237358206
2844,711250,434.9333333333334,130.13333333333335
2845,711500,433.8666666666666,132.26666666666665
2846,711750,434.2666666666666,131.46666666666667
2847,712000,436.9333333333334,126.13333333333333
2848,712250,433.2,125.75277332925903
2849,712500,434.5333333333334,130.93333333333337
2850,712750,434.8,130.39999999999998
2851,713000,434.4666666666666,131.06666666666666
2852,713250,434.7333333333334,130.53333333333333
2853,713500,432.2,124.10561810185888
2854,713750,434.0,132.0
2855,714000,431.6,128.30907129964652
2856,714250,434.4666666666666,131.06666666666666
2857,714500,434.0,132.0
2858,714750,437.0666666666666,125.86666666666666
2859,715000,436.7333333333334,126.53333333333335
2860,715250,434.4,131.2
2861,715500,433.9333333333334,129.48314347606967
2862,715750,434.7333333333334,130.53333333333333
2863,716000,434.5333333333334,130.93333333333337
2864,716250,432.7333333333334,134.53333333333333
2865,716500,436.2666666666666,127.46666666666665
2866,716750,435.8,128.4
2867,717000,437.6,124.8
2868,717250,435.7333333333333,124.24534867216022
2869,717500,434.66666666666663,129.33745697893468
2870,717750,435.8,127.23654261955477
2871,718000,435.66666666666663,128.66666666666666
2872,718250,428.4,127.03759723448454
2873,718500,434.9333333333334,128.96983282061652
2874,718750,435.5333333333334,128.93333333333337
2875,719000,436.0,128.0
2876,719250,428.8666666666667,130.44089338342738
2877,719500,429.9333333333334,126.90896124562853
2878,719750,429.8666666666667,132.25137680442754
2879,720000,430.2,127.46827056173626
2880,720250,432.4666666666667,129.47442475897188
2881,720500,433.0,122.51004493963387
2882,720750,434.4,131.2
2883,721000,435.6,128.79999999999998
2884,721250,434.33333333333337,131.33333333333334
2885,721500,433.33333333333337,133.33333333333334
2886,721750,435.6,128.79999999999998
2887,722000,433.0,134.0
2888,722250,436.5333333333334,126.93333333333334
2889,722500,436.2,127.6
2890,722750,436.0666666666666,127.86666666666666
2891,723000,430.8,128.63343266818313
2892,723250,435.5333333333334,128.93333333333337
2893,723500,433.5333333333334,132.93333333333334
2894,723750,435.8666666666666,128.26666666666668
2895,724000,435.2,129.60000000000002
2896,724250,434.0,132.0
2897,724500,434.5333333333333,127.62612062844606
2898,724750,435.4666666666666,129.06666666666666
2899,725000,435.0666666666666,129.86666666666665
2900,725250,436.0666666666666,127.86666666666666
2901,725500,433.9333333333334,132.13333333333335
2902,725750,434.2666666666666,131.46666666666667
2903,726000,434.8666666666666,130.26666666666668
2904,726250,436.6,126.8
2905,726500,436.0666666666666,127.86666666666666
2906,726750,432.6,134.8
2907,727000,434.5333333333334,129.7698133020328
2908,727250,434.4666666666666,131.06666666666666
2909,727500,435.2,129.60000000000002
2910,727750,434.1333333333334,131.73333333333332
2911,728000,433.4,126.63866357124553
2912,728250,435.0,130.0
2913,728500,433.9333333333334,132.13333333333335
2914,728750,435.5333333333334,128.93333333333337
2915,729000,435.0666666666666,129.03494789311065
2916,729250,431.8666666666666,128.57658331818348
2917,729500,434.6,130.30057559350996
2918,729750,434.2666666666666,131.46666666666667
2919,730000,434.8,130.39999999999998
2920,730250,434.2666666666666,131.46666666666667
2921,730500,434.6,127.82112501460782
2922,730750,435.0,130.0
2923,731000,433.5333333333334,132.93333333333334
2924,731250,435.8,128.4
2925,731500,432.1333333333334,135.73333333333335
2926,731750,437.0666666666666,125.86666666666666
2927,732000,434.1333333333334,131.73333333333332
2928,732250,435.2,129.60000000000002
2929,732500,431.1333333333333,126.70448558226606
2930,732750,433.5333333333334,132.93333333333334
2931,733000,434.4,131.2
2932,733250,436.9333333333334,126.13333333333333
2933,733500,435.0,130.0
2934,733750,434.8666666666666,130.26666666666668
2935,734000,434.5333333333334,130.93333333333337
2936,734250,435.6,128.79999999999998
2937,734500,435.2666666666666,129.46666666666667
2938,734750,434.6,130.8
2939,735000,434.7333333333334,130.53333333333333
2940,735250,434.1333333333334,131.73333333333332
2941,735500,435.2666666666666,129.46666666666667
2942,735750,436.0,128.0
2943,736000,433.66666666666663,129.6874876171346
2944,736250,435.66666666666663,128.66666666666666
2945,736500,434.4,131.2
2946,736750,435.5333333333334,128.93333333333337
2947,737000,433.0666666666666,133.86666666666665
2948,737250,433.5333333333334,132.93333333333334
2949,737500,434.1333333333334,131.73333333333332
2950,737750,434.6,130.8
2951,738000,434.0666666666666,131.86666666666665
2952,738250,434.4,131.2
2953,738500,433.0,134.0
2954,738750,434.9333333333334,130.13333333333335
2955,739000,432.5333333333334,134.93333333333334
2956,739250,437.6,124.8
2957,739500,435.0,130.0
2958,739750,434.2,131.6
2959,740000,427.0666666666666,134.34638480849088
2960,740250,436.33333333333337,127.33333333333333
2961,740500,435.8666666666666,128.26666666666668
2962,740750,434.5333333333334,130.93333333333337
2963,741000,433.2666666666666,133.46666666666667
2964,741250,435.5333333333334,128.93333333333337
2965,741500,433.1333333333334,133.73333333333332
2966,741750,434.0666666666666,131.86666666666665
2967,742000,429.7333333333334,133.64337286641305
2968,742250,433.8666666666666,132.26666666666665
2969,742500,433.5333333333334,132.93333333333334
2970,742750,433.8,132.4
2971,743000,437.6,124.8
2972,743250,433.2666666666666,133.46666666666667
2973,743500,436.66666666666663,126.66666666666666
2974,743750,435.2,129.60000000000002
2975,744000,434.8666666666666,130.26666666666668
2976,744250,434.66666666666663,130.66666666666666
2977,744500,435.0666666666666,129.86666666666665
2978,744750,435.7333333333334,128.53333333333333
2979,745000,433.4,133.2
2980,745250,434.9333333333334,130.13333333333335
2981,745500,427.2666666666667,130.82853919029543
2982,745750,430.8,131.5118245634209
2983,746000,430.5333333333334,133.50132750068235
2984,746250,432.7333333333334,134.53333333333333
2985,746500,434.33333333333337,131.33333333333334
2986,746750,435.4,129.2
2987,747000,433.33333333333337,133.33333333333334
2988,747250,436.66666666666663,126.66666666666666
2989,747500,435.2,129.60000000000002
2990,747750,433.0666666666666,133.86666666666665
2991,748000,432.7333333333334,130.4066119659753
2992,748250,434.33333333333337,131.33333333333334
2993,748500,434.0666666666666,131.86666666666665
2994,748750,433.0666666666666,133.86666666666665
2995,749000,431.9333333333334,136.13333333333333
2996,749250,435.1333333333334,129.73333333333332
2997,749500,430.0666666666667,128.5181180482607
2998,749750,431.0666666666666,127.78426263737558
2999,750000,431.7333333333334,125.35024708569362
3000,750250,432.8666666666667,128.6748874748553
3001,750500,435.6,128.79999999999998
3002,750750,435.1333333333334,129.73333333333332
3003,751000,435.66666666666663,128.66666666666666
3004,751250,434.8666666666666,130.26666666666668
3005,751500,435.4666666666666,129.06666666666666
3006,751750,429.33333333333337,131.56156142446946
3007,752000,431.8,128.22923916867703
3008,752250,432.7333333333334,132.87293847047178
3009,752500,434.2,126.82193991752548
3010,752750,435.2,129.60000000000002
3011,753000,431.8,122.87945312378307
3012,753250,434.66666666666663,130.66666666666666
3013,753500,433.4,133.2
3014,753750,435.2,129.60000000000002
3015,754000,421.1333333333333,128.70907763893993
3016,754250,435.1333333333334,129.73333333333332
3017,754500,434.2,131.6
3018,754750,433.9333333333334,132.13333333333335
3019,755000,426.5333333333334,128.6263494692195
3020,755250,435.0,128.6708116776209
3021,755500,434.0,132.0
3022,755750,434.8666666666666,130.26666666666668
3023,756000,424.5333333333333,123.55576338911376
3024,756250,432.1333333333334,130.3029973220536
3025,756500,435.1333333333334,129.73333333333332
3026,756750,429.8666666666666,127.82046436745217
3027,757000,434.6,130.8
3028,757250,435.2,129.60000000000002
3029,757500,402.1333333333333,128.21554767915887
3030,757750,414.0666666666666,123.49905982548117
3031,758000,436.1333333333334,127.73333333333333
3032,758250,396.0,125.60484774791847
3033,758500,410.8666666666666,124.35461837467523
3034,758750,435.0666666666666,129.86666666666665
3035,759000,423.1333333333334,127.44804605973543
3036,759250,423.66666666666663,127.82557560119875
3037,759500,435.33333333333337,129.33333333333334
3038,759750,431.2666666666666,130.2572497449225
3039,760000,409.8,122.2252201652525
3040,760250,416.0,128.85202537967513
3041,760500,420.2666666666666,123.93661462394576
3042,760750,422.8,128.81849418637233
3043,761000,423.2666666666666,130.35547978934798
3044,761250,431.2666666666666,128.33712548509797
3045,761500,409.46666666666664,126.9249296938067
3046,761750,411.9333333333334,124.66281633982837
3047,762000,415.5333333333333,125.0094396435725
3048,762250,417.4,122.8365490307253
3049,762500,403.8666666666667,126.13107820394183
3050,762750,418.2,127.1642157911485
3051,763000,434.4,131.2
3052,763250,420.7333333333334,121.01026586386976
3053,763500,417.6,126.36303960327078
3054,763750,423.5333333333333,125.67110513824038
3055,764000,411.2,126.88290314739457
3056,764250,433.6,132.8
3057,764500,434.5333333333334,130.93333333333337
3058,764750,436.2666666666666,127.46666666666665
3059,765000,435.7333333333334,128.53333333333333
3060,765250,434.0,132.0
3061,765500,402.9333333333333,128.03114204494676
3062,765750,422.2666666666666,129.2986895181506
3063,766000,397.6666666666667,133.45660967770263
3064,766250,434.8,130.39999999999998
3065,766500,434.7333333333334,130.53333333333333
3066,766750,433.33333333333337,133.33333333333334
3067,767000,435.2,129.60000000000002
3068,767250,416.1333333333334,126.47083106831832
3069,767500,431.9333333333334,128.12292708350228
3070,767750,409.0,129.46728458486248
3071,768000,433.4666666666666,133.06666666666666
3072,768250,427.0666666666666,123.71318083014077
3073,768500,436.0,128.0
3074,768750,432.0666666666666,131.41290313782397
3075,769000,407.53333333333336,130.59481017423488
3076,769250,390.6,138.77950537133037
3077,769500,413.2,128.8074532005039
3078,769750,412.0666666666666,126.24850274139669
3079,770000,415.5333333333334,125.61839921851505
3080,770250,407.0666666666667,120.78841004003655
3081,770500,434.4,131.2
3082,770750,407.8666666666667,131.0376705802996
3083,771000,433.4,125.353260827152
3084,771250,436.8,126.4
3085,771500,409.46666666666664,128.70717842365195
3086,771750,415.2666666666666,121.64984358577878
3087,772000,410.6,124.14120991838287
3088,772250,407.26666666666665,127.85311016075353
3089,772500,434.66666666666663,130.66666666666666
3090,772750,394.8666666666667,135.39105501390327
3091,773000,389.26666666666665,138.42453218671577
3092,773250,386.4666666666667,141.99586848449735
3093,773500,406.66666666666663,130.7416451547776
3094,773750,406.8,128.2167609081503
3095,774000,412.8666666666666,129.08526036865882
3096,774250,435.33333333333337,129.33333333333334
3097,774500,433.8,132.4
3098,774750,433.5333333333334,132.93333333333334
3099,775000,433.33333333333337,133.33333333333334
3100,775250,407.2666666666667,121.52519629004239
3101,775500,416.0666666666667,127.85345778142516
3102,775750,381.59999999999997,135.94793120897427
3103,776000,372.66666666666663,152.5619728358137
3104,776250,419.1333333333334,126.26561069604203
3105,776500,396.8,126.5799001070514
3106,776750,366.6666666666667,152.2543194059787
3107,777000,404.1333333333333,131.5104727557636
3108,777250,360.33333333333337,171.66453073104856
3109,777500,387.33333333333337,141.61230329475066
3110,777750,404.46666666666664,128.55636031631332
3111,778000,433.0666666666666,133.86666666666665
3112,778250,391.66666666666663,136.67056904997668
3113,778500,417.1333333333334,120.50995348471798
3114,778750,355.2,169.22589767658036
3115,779000,410.8666666666667,128.27325000430395
3116,779250,404.2,130.27110193745963
3117,779500,410.9333333333334,126.62444910486724
3118,779750,412.6,125.36141529371963
3119,780000,390.6,139.05784567741745
3120,780250,372.66666666666663,156.03290251311316
3121,780500,359.4666666666667,173.25454619656531
3122,780750,417.4666666666667,125.64723103461799
3123,781000,379.5333333333333,149.5711796362447
3124,781250,360.0666666666667,171.79605479883534
3125,781500,364.6666666666667,166.11094017085222
3126,781750,388.53333333333336,140.22863869806022
3127,782000,392.6,134.2555440609851
3128,782250,362.6,156.75634312879052
3129,782500,358.99999999999994,171.92595305343906
3130,782750,357.26666666666665,170.94409742498993
3131,783000,345.2,179.28904037893673
3132,783250,379.6666666666667,149.046450626791
3133,783500,372.0,150.95091181499296
3134,783750,379.93333333333334,140.2515834729386
3135,784000,393.6666666666667,136.09800390404948
3136,784250,354.6,180.45576866491257
3137,784500,353.00000000000006,182.00195359146866
3138,784750,401.53333333333336,126.47926487944356
3139,785000,359.4,172.3903065075812
3140,785250,355.6,177.91351207195527
3141,785500,358.5333333333333,173.70647016670904
3142,785750,382.80000000000007,146.13305961044924
3143,786000,383.53333333333336,139.46303373216065
3144,786250,363.20000000000005,167.7074966852837
3145,786500,359.5333333333333,172.9556911787268
3146,786750,408.4,125.42149381629574
3147,787000,350.3333333333333,185.51597714961852
3148,787250,370.40000000000003,158.74093499927625
3149,787500,377.19999999999993,141.4729813230938
3150,787750,380.1333333333333,149.22802834737328
3151,788000,365.06666666666666,165.3719578539374
3152,788250,375.19999999999993,152.27892536760007
3153,788500,379.3333333333333,142.02488044940108
3154,788750,361.1333333333333,170.74289964088635
3155,789000,369.0,160.44438288703037
3156,789250,377.73333333333335,150.62276646568995
3157,789500,392.8,136.55012917525116
3158,789750,374.33333333333337,154.22148574912208
3159,790000,392.06666666666666,136.71777906004436
3160,790250,380.2666666666667,144.0137956354645
3161,790500,402.33333333333337,130.1667306871375
3162,790750,431.2,130.39045636514626
3163,791000,398.6,135.7049741166476
3164,791250,377.00000000000006,151.59654056445717
3165,791500,423.4,126.63901452554026
3166,791750,383.6,141.79945149556977
3167,792000,381.4,146.50239285114463
3168,792250,385.79999999999995,141.82737551137456
3169,792500,365.4,164.86552095571713
3170,792750,406.06666666666666,130.03391010724002
3171,793000,403.53333333333336,131.74446646612694
3172,793250,408.4,129.41190053468804
3173,793500,389.33333333333337,138.03638811720785
3174,793750,389.33333333333337,139.5212448976061
3175,794000,396.5333333333333,134.65372875144107
3176,794250,403.1333333333333,130.2922526902928
3177,794500,376.20000000000005,152.57021698585578
3178,794750,406.9333333333333,126.29531529976346
3179,795000,418.2,127.29416500548815
3180,795250,429.4666666666666,128.461944213495
3181,795500,403.0,127.9590212181662
3182,795750,418.8666666666666,126.26138672522879
3183,796000,422.8666666666666,125.16790500940903
3184,796250,407.8666666666667,125.35630995065404
3185,796500,403.73333333333335,132.81070907289234
3186,796750,431.0,129.02885120950447
3187,797000,403.0,128.6759927535479
3188,797250,407.0,128.53188104297098
3189,797500,414.1333333333334,132.45806044849735
3190,797750,400.26666666666665,127.56356149865925
3191,798000,424.1333333333334,123.37505600584116
3192,798250,404.0666666666667,130.6939427313549
3193,798500,413.0,127.77480189771377
3194,798750,419.4,128.67260780756718
3195,799000,412.4,128.9677651370467
3196,799250,392.0666666666667,138.34199169690547
3197,799500,390.73333333333335,137.20064787666922
3198,799750,384.4,144.62417194615537
3199,800000,398.5333333333333,134.41587207865993
3200,800250,379.59999999999997,148.98864982869594
3201,800500,400.06666666666666,132.47899623881682
3202,800750,408.2,130.20523969658228
3203,801000,397.3333333333333,135.53843243400252
3204,801250,420.5333333333334,129.7482348413436
3205,801500,379.46666666666664,148.6313261432835
3206,801750,434.2,131.6
3207,802000,408.4666666666667,131.60709200748516
3208,802250,384.1333333333333,144.5293664892287
3209,802500,394.53333333333336,137.6766905148112
3210,802750,361.06666666666666,170.5243416967534
3211,803000,411.4666666666667,130.56502849793534
3212,803250,378.7333333333333,149.9653885994291
3213,803500,417.0,129.49199889482662
3214,803750,400.06666666666666,132.47899623881682
3215,804000,418.1333333333334,126.00557306898948
3216,804250,399.2,133.6613631533062
3217,804500,397.0666666666667,134.47418587471228
3218,804750,386.1333333333333,141.88659007969866
3219,805000,420.2,129.56913212644437
3220,805250,406.0,131.25310578335956
3221,805500,392.6,139.16231929337448
3222,805750,413.0,131.6183033539704
3223,806000,373.46666666666664,155.65226200305176
3224,806250,405.8,129.07114317305786
3225,806500,427.1333333333333,133.27125221392146
3226,806750,409.4,133.08049360359982
3227,807000,388.6,141.1458504920039
3228,807250,357.19999999999993,175.27750695524065
3229,807500,368.1333333333333,161.56960660278213
3230,807750,371.26666666666665,157.69512075873214
3231,808000,362.53333333333336,168.41979297774552
3232,808250,379.73333333333335,148.737860382322
3233,808500,352.46666666666664,182.40950267644135
3234,808750,410.5333333333334,128.01746408639374
3235,809000,400.0,133.92352710077162
3236,809250,410.0,126.56135973423238
3237,809500,378.33333333333337,150.0716865738208
3238,809750,362.1333333333333,168.92728218575786
3239,810000,349.2,179.07746306494792
3240,810250,401.0,136.89996347698562
3241,810500,389.53333333333336,139.51178365205493
3242,810750,402.0,134.8907376772442
3243,811000,395.7333333333333,134.95075645088718
3244,811250,368.9333333333333,160.656209894849
3245,811500,362.3333333333333,169.13715670359892
3246,811750,424.2,130.71556908035095
3247,812000,396.26666666666665,137.06549934652085
3248,812250,393.8666666666667,136.20549833900898
3249,812500,386.6,142.84916676146364
3250,812750,401.8,131.35356866107597
3251,813000,406.6,126.98668346632957
3252,813250,366.80000000000007,163.16271360550212
3253,813500,396.93333333333334,131.85149895916155
3254,813750,406.0666666666667,130.6567003001887
3255,814000,385.66666666666663,143.71978909592715
3256,814250,408.0666666666667,127.47433728663455
3257,814500,424.1333333333334,129.81295946262242
3258,814750,395.06666666666666,137.35944735538862
3259,815000,420.4,130.709924812328
3260,815250,422.66666666666663,131.98249042118343
3261,815500,402.26666666666665,131.04408079387298
3262,815750,406.53333333333336,131.19224231807476
3263,816000,377.53333333333336,151.6615530273466
3264,816250,377.93333333333334,148.5061016329707
3265,816500,403.5333333333333,129.45176707948022
3266,816750,409.4,128.63184330138128
3267,817000,391.8,134.64943784179385
3268,817250,412.4666666666667,129.37243395200798
3269,817500,364.6666666666667,165.9037204056752
3270,817750,396.46666666666664,128.31308931238812
3271,818000,370.2,159.40188204660572
3272,818250,383.8666666666667,145.84521475409014
3273,818500,363.4666666666667,167.2186326672692
3274,818750,422.2666666666667,129.5843611963522
3275,819000,416.2,131.27504628747147
3276,819250,402.73333333333335,131.4423236421376
3277,819500,405.0666666666667,131.16747564341804
3278,819750,398.2,135.90055187525914
3279,820000,394.8666666666667,135.0689700362991
3280,820250,430.6,133.53058742392238
3281,820500,422.4666666666667,127.91101073272256
3282,820750,389.93333333333334,140.77979653029448
3283,821000,386.53333333333336,143.83580144657233
3284,821250,406.4,134.3141260048415
3285,821500,405.1333333333333,129.15031724484632
3286,821750,405.4,133.07381410330132
3287,822000,364.7333333333333,165.69535633538771
3288,822250,384.46666666666664,144.8302608036195
3289,822500,385.73333333333335,143.0259339342966
3290,822750,390.1333333333333,138.82516582618106
3291,823000,414.4,128.93312650793476
3292,823250,395.3333333333333,131.53503969158433
3293,823500,389.0,141.05885296570364
3294,823750,428.0,133.1146540059024
3295,824000,391.6666666666667,137.08488854234324
3296,824250,382.26666666666665,141.04804539982507
3297,824500,418.3333333333333,131.71281891549762
3298,824750,398.00000000000006,130.75371250306176
3299,825000,380.8666666666667,148.17581149131968
3300,825250,398.53333333333336,132.20667322205958
3301,825500,394.4,136.97597518462052
3302,825750,381.0,147.66177569025777
3303,826000,368.1333333333333,161.5118296321081
3304,826250,399.46666666666664,131.64777923602728
3305,826500,393.4666666666667,135.8824001358037
3306,826750,411.8666666666666,130.63155990971111
3307,827000,389.8666666666667,141.25887976021582
3308,827250,429.0666666666667,130.51324326161952
3309,827500,397.46666666666664,133.72286432934513
3310,827750,396.5333333333333,136.2146345539519
3311,828000,410.6,127.87744132566932
3312,828250,378.66666666666663,149.75594961284324
3313,828500,395.6,136.8985674789104
3314,828750,366.53333333333336,163.50665633749185
3315,829000,394.8,135.43618423449473
3316,829250,418.8,125.02490418579279
3317,829500,403.2,132.81592943284744
3318,829750,368.20000000000005,161.5411333926371
3319,830000,389.3333333333333,139.775057383879
3320,830250,402.1333333333333,134.26716319007826
3321,830500,363.8666666666667,166.74472838577069
3322,830750,377.46666666666664,141.1729593245266
3323,831000,372.8666666666667,155.75473597222583
3324,831250,377.2,150.73871433709388
3325,831500,378.4,149.679271926491
3326,831750,391.66666666666663,136.570047147161
3327,832000,394.66666666666663,137.0904000204893
3328,832250,375.6,150.2806855335856
3329,832500,370.4666666666667,158.72934336298516
3330,832750,390.06666666666666,139.19393345656667
3331,833000,406.33333333333337,130.64217457535594
3332,833250,413.8666666666666,129.4648128943837
3333,833500,400.53333333333336,131.03868809545438
3334,833750,414.3333333333333,128.57164021146602
3335,834000,424.1333333333334,128.0591182922082
3336,834250,410.2,130.64822999183724
3337,834500,401.0,132.590262756274
3338,834750,387.0,139.82274493085882
3339,835000,390.4,140.0809924452438
3340,835250,391.46666666666664,137.50904616707143
3341,835500,383.26666666666665,145.0628063211855
3342,835750,389.7333333333333,141.92429907054913
3343,836000,379.93333333333334,148.45162324624292
3344,836250,378.53333333333336,149.8663997625144
3345,836500,413.5333333333334,127.34757337477791
3346,836750,386.1333333333333,143.7815627185133
3347,837000,380.1333333333333,143.88044419663925
3348,837250,413.7333333333334,133.61792960194794
3349,837500,370.79999999999995,158.50868886103513
3350,837750,371.06666666666666,157.91550483301717
3351,838000,399.6,131.7204784551151
3352,838250,399.06666666666666,132.19083847898756
3353,838500,417.0,127.3029632194178
3354,838750,409.26666666666665,129.72696113161845
3355,839000,406.8,130.4965899937619
3356,839250,400.0,135.23378933453643
3357,839500,389.46666666666664,138.83012801421904
3358,839750,389.3333333333333,139.775057383879
3359,840000,407.6,132.51052788363648
3360,840250,412.8666666666667,129.6812502510161
3361,840500,421.9333333333334,125.62172494348968
3362,840750,417.6,129.64059720799054
3363,841000,412.6,132.2624327279334
3364,841250,427.5333333333334,134.52064690761952
3365,841500,408.6,128.10870384169843
3366,841750,409.6,131.09782606893222
3367,842000,404.8666666666667,132.72387376303732
3368,842250,398.46666666666664,131.40803290176407
3369,842500,404.06666666666666,133.78596505031626
3370,842750,399.8666666666667,130.8925937977818
3371,843000,410.0,130.3456942135029
3372,843250,389.06666666666666,140.14332346248648
3373,843500,401.9333333333333,122.81628556506665
3374,843750,414.2666666666666,130.35667310200205
3375,844000,421.0666666666667,131.09426633787868
3376,844250,410.2,127.7667318897129
3377,844500,425.0666666666666,128.00788170178342
3378,844750,419.4,129.99015347325349
3379,845000,391.1333333333333,120.01881334005746
3380,845250,425.2,127.70044809805658
3381,845500,406.8666666666667,131.00968581665165
3382,845750,402.33333333333337,125.6382814980282
3383,846000,392.8,125.38449310465434
3384,846250,388.99999999999994,129.8989350739002
3385,846500,397.2,133.32143280224844
3386,846750,392.26666666666665,137.41136941477748
3387,847000,385.59999999999997,140.8279328353103
3388,847250,391.2666666666667,138.55867589821528
3389,847500,359.1333333333333,127.91795981973932
3390,847750,388.8666666666667,141.75104937883177
3391,848000,364.06666666666666,130.48940357149482
3392,848250,390.6,140.05941596336893
3393,848500,389.46666666666664,133.6839722795685
3394,848750,346.06666666666666,132.23689180994674
3395,849000,400.1333333333333,127.88651218951904
3396,849250,395.1333333333333,132.1690163725557
3397,849500,415.6,128.36309611584025
3398,849750,383.79999999999995,121.08355242008167
3399,850000,421.4666666666666,129.73847197771025
3400,850250,430.7333333333334,135.55325316806102
3401,850500,435.1333333333334,129.73333333333332
3402,850750,433.7333333333334,132.53333333333333
3403,851000,409.6666666666667,133.63033587725008
3404,851250,432.2666666666666,135.46666666666667
3405,851500,425.0666666666666,129.14546492661333
3406,851750,426.0666666666667,130.00656393685153
3407,852000,425.6,131.9978787708348
3408,852250,390.4,140.20213978395623
3409,852500,423.2666666666666,130.5016645274858
3410,852750,421.8666666666666,127.5473942414261
3411,853000,436.0666666666666,127.86666666666666
3412,853250,433.2666666666666,133.46666666666667
3413,853500,430.66666666666663,132.26253353757357
3414,853750,409.0,131.32724182150648
3415,854000,410.0666666666666,128.6701899344902
3416,854250,405.9333333333333,129.49790217091035
3417,854500,423.0,130.73705587085007
3418,854750,421.5333333333333,130.65333265299176
3419,855000,430.7333333333334,134.40542317100818
3420,855250,432.5333333333334,134.93333333333334
3421,855500,431.6,136.79999999999998
3422,855750,432.8666666666667,134.1000621426652
3423,856000,426.1333333333333,135.73660768807605
3424,856250,388.8,141.3230499403563
3425,856500,423.2666666666666,125.63446094833127
3426,856750,407.46666666666664,133.42290324794732
3427,857000,431.4666666666666,137.06666666666663
3428,857250,409.7333333333334,127.89273283150655
3429,857500,406.1333333333333,131.619924192519
3430,857750,428.0666666666667,131.56635841531326
3431,858000,414.4666666666666,126.04577651701693
3432,858250,421.9333333333333,128.81966723550667
3433,858500,432.5333333333334,134.93333333333334
3434,858750,382.8,146.093668582865
3435,859000,434.0666666666666,131.03492324991498
3436,859250,424.7333333333334,132.3365070988014
3437,859500,408.0666666666667,132.85520940733437
3438,859750,415.8,126.01015832066874
3439,860000,408.06666666666666,122.6089356903122
3440,860250,408.5333333333333,126.82123902038911
3441,860500,406.1333333333333,128.56448446856024
3442,860750,384.5333333333333,144.90971902072914
3443,861000,427.2666666666666,130.52005380187538
3444,861250,428.0,130.29624365694931
3445,861500,413.5333333333334,133.747290730608
3446,861750,429.5333333333333,131.79843195830009
3447,862000,410.8666666666666,130.0761486378054
3448,862250,431.4,137.2
3449,862500,402.73333333333335,134.53036005964518
3450,862750,431.2666666666666,132.68616272158064
3451,863000,427.0,130.8970757673541
3452,863250,405.6,132.60172614931443
3453,863500,380.1333333333333,149.66103924090152
3454,863750,414.5333333333333,125.7421700676958
3455,864000,396.8666666666667,134.52163807771265
3456,864250,424.1333333333334,133.39541887852738
3457,864500,432.2666666666666,132.65148991917798
3458,864750,429.4666666666666,128.9307479920045
3459,865000,430.1333333333334,130.2820188838216
3460,865250,429.66666666666663,133.93796242207725
3461,865500,405.7333333333333,133.82416323917988
3462,865750,431.7333333333334,136.53333333333333
3463,866000,425.6666666666667,135.41442562248182
3464,866250,401.73333333333335,126.29813053952057
3465,866500,432.2,135.6
3466,866750,404.46666666666664,134.48396847869182
3467,867000,423.6,133.09952834042815
3468,867250,426.6,133.86567064702504
3469,867500,431.4,137.2
3470,867750,430.4666666666666,139.06666666666663
3471,868000,432.2666666666666,135.46666666666667
3472,868250,432.9333333333334,134.13333333333335
3473,868500,434.0666666666666,131.86666666666665
3474,868750,398.2666666666667,127.96447423666721
3475,869000,431.1333333333334,137.73333333333332
3476,869250,429.2,139.44343337393522
3477,869500,433.4666666666666,133.06666666666666
3478,869750,431.2666666666666,130.57929051389087
3479,870000,431.6,134.31396055511132
3480,870250,431.5333333333334,136.93333333333334
3481,870500,376.6666666666667,152.82160987388022
3482,870750,426.33333333333337,130.5124940804945
3483,871000,431.33333333333337,133.20577231403217
3484,871250,398.0,125.66215730194105
3485,871500,433.0666666666666,133.86666666666665
3486,871750,420.33333333333337,133.1672298694807
3487,872000,406.0666666666667,129.14735769654754
3488,872250,406.26666666666665,132.20294163814125
3489,872500,347.66666666666663,144.07837373380426
3490,872750,357.2666666666667,134.50392807151272
3491,873000,355.8,133.49183911801916
3492,873250,403.6,136.189639025066
3493,873500,376.8666666666667,123.17442014386664
3494,873750,406.26666666666665,133.1541128834471
3495,874000,411.33333333333337,133.82841418938077
3496,874250,401.66666666666663,126.13079630993288
3497,874500,413.0666666666666,131.36673010232758
3498,874750,415.4,129.15251965538005
3499,875000,393.8666666666667,128.17012999221865
3500,875250,416.4,126.03763106487064
3501,875500,424.6,127.71781394934695
3502,875750,386.0,126.296124687621
3503,876000,428.9333333333333,131.5678785519728
3504,876250,396.8,128.39809621295444
3505,876500,433.4666666666667,130.91075840688828
3506,876750,428.0,136.94589361414884
3507,877000,420.5333333333333,132.43121485007478
3508,877250,424.5333333333333,132.90307245006287
3509,877500,402.1333333333333,135.94289650846457
3510,877750,430.6666666666667,134.53871809507723
3511,878000,432.0666666666666,135.86666666666665
3512,878250,412.4666666666666,126.83578184233167
3513,878500,421.0,127.86207847173105
3514,878750,406.33333333333337,132.92370409791894
3515,879000,433.4666666666666,133.06666666666666
3516,879250,430.1333333333334,137.082229985428
3517,879500,430.4666666666666,139.06666666666663
3518,879750,432.8666666666666,134.26666666666668
3519,880000,380.2666666666667,148.27278164847982
3520,880250,431.8,136.4
3521,880500,415.1333333333334,132.85507559408902
3522,880750,383.26666666666665,144.19314207763912
3523,881000,406.06666666666666,131.94854215859218
3524,881250,434.2,131.6
3525,881500,383.6666666666667,144.72564082121423
3526,881750,434.0666666666666,131.86666666666665
3527,882000,406.66666666666663,131.15300648902834
3528,882250,390.73333333333335,142.2299234026058
3529,882500,422.4666666666666,131.93863893660736
3530,882750,427.2666666666667,134.10483461332282
3531,883000,400.8,132.01794490817443
3532,883250,414.1333333333333,128.58937229284024
3533,883500,428.5333333333333,133.20770748471475
3534,883750,403.8666666666667,133.05647923594952
3535,884000,403.8666666666667,130.77624656896475
3536,884250,413.5333333333334,130.3485242639048
3537,884500,431.1333333333334,137.73333333333332
3538,884750,420.2666666666667,136.14737113388077
3539,885000,432.0666666666666,133.87563050997906
3540,885250,430.0666666666667,130.4151320463491
3541,885500,404.73333333333335,129.7752587274546
3542,885750,405.66666666666663,133.9479169096871
3543,886000,432.7333333333333,132.7075983757775
3544,886250,432.0666666666666,135.03487615345074
3545,886500,409.9333333333334,132.53635140762117
3546,886750,424.6666666666667,134.16060027693177
3547,887000,430.2,133.84295938814927
3548,887250,427.1333333333334,137.4563526683612
3549,887500,425.3333333333333,131.9580741498349
3550,887750,398.06666666666666,133.5126128041009
3551,888000,425.0666666666667,128.2787589587614
3552,888250,432.4,135.20000000000002
3553,888500,430.8666666666666,138.26666666666668
3554,888750,426.0,134.35988157845995
3555,889000,407.6666666666667,126.67122798804786
3556,889250,428.2,130.98763300403593
3557,889500,423.0,129.87138937340194
3558,889750,432.8,131.91421454869825
3559,890000,426.8666666666666,132.14967944636786
3560,890250,424.2666666666667,133.58233416137028
3561,890500,426.8666666666666,133.33393333198333
3562,890750,411.7333333333334,132.49224715263742
3563,891000,428.4,136.46935349903453
3564,891250,416.2,135.1104239748609
3565,891500,429.66666666666663,129.6309290940159
3566,891750,435.0,128.50525281092598
3567,892000,430.8,132.96826689101428
3568,892250,434.0,132.0
3569,892500,410.4,131.30361761962234
3570,892750,431.7333333333333,136.2002447379103
3571,893000,431.4,137.2
3572,893250,413.8,128.2614690561606
3573,893500,416.5333333333334,132.54258854337266
3574,893750,427.7333333333333,135.82626157460615
3575,894000,426.6,138.61704240260087
3576,894250,426.0666666666666,128.9517394652399
3577,894500,427.0,128.0215259677493
3578,894750,434.5333333333334,130.93333333333337
3579,895000,425.8666666666667,135.4844148478587
3580,895250,430.2666666666667,135.8296972928478
3581,895500,429.6,133.10503788779414
3582,895750,432.33333333333337,135.33333333333334
3583,896000,428.7333333333333,130.08038540328312
3584,896250,433.0,134.0
3585,896500,429.2666666666666,135.70857665519074
3586,896750,403.53333333333336,134.662310160556
3587,897000,408.6,129.99630763987108
3588,897250,431.8666666666666,134.93728584461417
3589,897500,428.4666666666667,130.54000663908874
3590,897750,412.2666666666667,129.0476914426084
3591,898000,401.4,134.00106135566406
3592,898250,432.5333333333334,134.93333333333334
3593,898500,405.4,135.52472509144266
3594,898750,431.33333333333337,136.83388144429404
3595,899000,428.4666666666666,130.23493301636768
3596,899250,431.8,136.4
3597,899500,431.7333333333334,136.53333333333333
3598,899750,430.5333333333333,136.11769417186974
3599,900000,388.9333333333333,140.72422203255084
3600,900250,431.6,136.79999999999998
3601,900500,434.0,131.16825496708842
3602,900750,431.7333333333334,136.53333333333333
3603,901000,429.2666666666666,139.97148916039217
3604,901250,430.0666666666666,138.868826995518
3605,901500,424.6,134.52044867272454
3606,901750,425.9333333333333,138.032266759141
3607,902000,430.33333333333337,133.4143087445188
3608,902250,410.5333333333334,134.50230894341968
3609,902500,426.8,134.56375605802793
3610,902750,426.2,138.45554440966882
3611,903000,427.4666666666667,133.7057465730874
3612,903250,432.8,134.39999999999998
3613,903500,429.4,136.4180502882388
3614,903750,430.2666666666666,139.46666666666667
3615,904000,428.4666666666666,138.2840233400486
3616,904250,426.5333333333333,134.93860332264694
3617,904500,421.0,136.02222040697777
3618,904750,429.33333333333337,132.8364073253681
3619,905000,433.0,132.5050942416932
3620,905250,427.5333333333334,136.9128838998645
3621,905500,425.4666666666667,134.87930407096067
3622,905750,432.2,135.6
3623,906000,429.2666666666667,137.33792872570442
3624,906250,404.1333333333333,132.96492436395064
3625,906500,430.4666666666666,139.06666666666663
3626,906750,429.6,140.8
3627,907000,432.0666666666666,135.86666666666665
3628,907250,351.8666666666667,182.1132248538438
3629,907500,430.8,138.4
3630,907750,430.33333333333337,137.34207091945444
3631,908000,406.1333333333333,133.72369523262012
3632,908250,430.2,137.60872065388878
3633,908500,405.0,133.82824813917276
3634,908750,407.2,133.81157564941
3635,909000,424.6,131.4041095247786
3636,909250,425.9333333333333,137.55619457758587
3637,909500,401.7333333333333,134.79950543925102
3638,909750,426.2,136.7072460080705
3639,910000,429.2,137.3076998731114
3640,910250,429.8666666666666,140.26666666666668
3641,910500,429.2,134.3867718357891
3642,910750,430.33333333333337,139.33333333333334
3643,911000,403.66666666666663,137.3440125297706
3644,911250,431.6,136.6333943238052
3645,911500,403.7333333333333,132.9078879023614
3646,911750,433.2,133.6
3647,912000,431.0,138.0
3648,912250,428.2666666666666,137.05917618962175
3649,912500,430.4,130.75870907897493
3650,912750,402.26666666666665,135.28150074731002
3651,913000,423.7333333333334,137.8681173360171
3652,913250,399.8,136.31558156637038
3653,913500,428.4,138.90722723378283
3654,913750,431.8,136.4
3655,914000,429.7333333333334,133.4821502840153
3656,914250,426.0,137.10644688627073
3657,914500,407.3333333333333,133.11899438722733
3658,914750,434.2666666666666,131.46666666666667
3659,915000,373.06666666666666,156.64019634535418
3660,915250,429.7333333333334,131.08070457207313
3661,915500,398.26666666666665,133.85321977615797
3662,915750,427.66666666666663,135.36682672567076
3663,916000,402.0,136.66422762051198
3664,916250,430.6666666666667,136.51031707042023
3665,916500,431.8666666666666,136.26666666666668
3666,916750,424.66666666666663,137.7211353101299
3667,917000,430.0,139.16816366460318
3668,917250,423.6,131.60857790348538
3669,917500,426.0,132.88859160130255
3670,917750,404.6,133.61975901789376
3671,918000,421.4,135.67418488586708
3672,918250,422.4,134.28566565348663
3673,918500,429.4666666666666,130.3454555317437
3674,918750,433.0666666666666,133.86666666666665
3675,919000,408.8,130.707068583829
3676,919250,431.9333333333334,135.63388629362174
3677,919500,398.0,136.93323596231525
3678,919750,424.5333333333334,131.3963638935433
3679,920000,426.1333333333334,136.84031244889465
3680,920250,432.4666666666666,133.07568439717969
3681,920500,377.19999999999993,153.26731912286817
3682,920750,409.0,129.89842185338512
3683,921000,427.5333333333334,131.3816493189889
3684,921250,407.0,131.58182920820707
3685,921500,430.8666666666666,138.26666666666668
3686,921750,427.7333333333334,136.1925760743873
3687,922000,402.73333333333335,132.9030390088119
3688,922250,428.7333333333333,137.75088626454158
3689,922500,413.6,131.6916263262188
3690,922750,432.1333333333334,135.73333333333335
3691,923000,432.0,136.0
3692,923250,409.0,134.07228564389354
3693,923500,431.6,136.79999999999998
3694,923750,430.2,139.60000000000002
3695,924000,433.5333333333334,132.93333333333334
3696,924250,409.8,133.97041132694602
3697,924500,403.2,128.5496186087086
3698,924750,403.2666666666667,135.97097729540178
3699,925000,405.6,132.60172614931443
3700,925250,390.73333333333335,142.1586594071724
3701,925500,420.8666666666666,132.6340998553707
3702,925750,426.7333333333334,136.11766152038382
3703,926000,430.7333333333334,138.53333333333333
3704,926250,417.0666666666666,133.23519721821924
3705,926500,432.0,136.0
3706,926750,416.6,130.00724766121482
3707,927000,430.66666666666663,138.66666666666666
3708,927250,400.2,134.61180400610408
3709,927500,431.6,136.79999999999998
3710,927750,411.4666666666667,131.6314045608671
3711,928000,390.1333333333333,142.25901260259985
3712,928250,392.2,138.56464195457656
3713,928500,407.4,133.77101496379717
3714,928750,407.6,130.471520945292
3715,929000,429.4666666666666,141.06666666666666
3716,929250,432.33333333333337,135.33333333333334
3717,929500,429.8,140.39999999999998
3718,929750,402.8,134.60536558564243
3719,930000,427.7333333333334,134.59724283126224
3720,930250,432.2,135.6
3721,930500,433.5333333333334,132.93333333333334
3722,930750,430.1333333333334,139.73333333333332
3723,931000,428.1333333333334,138.62444870143858
3724,931250,430.0666666666666,139.86666666666667
3725,931500,402.33333333333337,132.9233697369361
3726,931750,432.7333333333334,134.53333333333333
3727,932000,402.0,136.3629144762037
3728,932250,424.4666666666666,135.63408290118102
3729,932500,433.0,134.0
3730,932750,428.7333333333333,133.87496654216827
3731,933000,431.2,137.6
3732,933250,426.0,140.62005546862795
3733,933500,430.0666666666666,134.10947435252706
3734,933750,430.8666666666666,138.26666666666668
3735,934000,428.6,133.66232744411485
3736,934250,432.4,135.20000000000002
3737,934500,378.8666666666667,145.950463438037
3738,934750,430.4,139.2
3739,935000,432.0,132.20001680954675
3740,935250,431.7333333333334,135.86764801739147
3741,935500,432.5333333333334,133.76971921095515
3742,935750,423.8666666666666,135.59967223821417
3743,936000,427.8666666666666,131.18411150406558
3744,936250,429.2666666666666,135.70857665519074
3745,936500,432.4,135.20000000000002
3746,936750,429.0,133.6622609415238
3747,937000,426.8666666666666,134.74545549953726
3748,937250,430.0666666666666,139.86666666666667
3749,937500,429.33333333333337,137.20463225092334
3750,937750,432.0666666666666,131.5761545434599
3751,938000,429.0,134.30380155122606
3752,938250,428.8,137.29167653009577
3753,938500,408.1333333333333,133.06666666666666
3754,938750,430.8,138.4
3755,939000,428.0666666666667,137.2971473362308
3756,939250,431.33333333333337,137.33333333333334
3757,939500,427.0,133.69384594828753
3758,939750,427.2,135.8210587501069
3759,940000,433.6,132.8
3760,940250,405.06666666666666,132.55948769430944
3761,940500,395.33333333333337,132.4544366103974
3762,940750,432.5333333333334,134.93333333333334
3763,941000,429.2,133.58319920974762
3764,941250,406.4,136.55872159786958
3765,941500,433.0666666666666,133.86666666666665
3766,941750,433.0,134.0
3767,942000,429.2666666666666,141.46666666666667
3768,942250,434.6,130.8
3769,942500,410.2,128.9688334443636
3770,942750,433.0666666666666,133.86666666666665
3771,943000,418.8,134.28205803870864
3772,943250,417.4666666666667,132.7253806423876
3773,943500,405.3333333333333,129.7238091742093
3774,943750,403.53333333333336,135.2738128554246
3775,944000,431.0666666666666,137.86666666666667
3776,944250,432.4666666666666,135.06666666666666
3777,944500,432.4666666666666,135.06666666666666
3778,944750,400.6,124.60504716012824
3779,945000,429.4,136.90781975881114
3780,945250,412.0666666666666,131.69061385602916
3781,945500,433.8,131.73434547519406
3782,945750,393.2,126.64255910939963
3783,946000,430.1333333333334,139.73333333333332
3784,946250,432.6666666666667,133.50305864161564
3785,946500,432.2666666666666,127.29709781103067
3786,946750,430.9333333333334,131.5680474549619
3787,947000,407.8,131.48444774953424
3788,947250,428.9333333333333,131.09426633787865
3789,947500,425.0,132.4302751555617
3790,947750,429.0,131.91276578776512
3791,948000,409.46666666666664,128.4935969005633
3792,948250,407.8,128.86402825372866
3793,948500,429.0666666666666,135.4602688777947
3794,948750,425.4,131.93877367930932
3795,949000,434.7333333333334,130.53333333333333
3796,949250,432.9333333333334,130.98963487407866
3797,949500,427.2666666666666,132.53635140762117
3798,949750,432.4,127.67152297116917
3799,950000,400.6,136.27625537039745
3800,950250,427.8666666666667,134.331033892644
3801,950500,431.9333333333333,133.8042351098549
3802,950750,431.9333333333333,131.35336564651345
3803,951000,430.0,130.548245658241
3804,951250,427.7333333333334,131.29413966781271
3805,951500,428.9333333333334,135.24207103478483
3806,951750,433.7333333333334,132.53333333333333
3807,952000,434.6,130.8
3808,952250,430.2,129.03980436714522
3809,952500,406.8,133.56672905746817
3810,952750,429.1333333333334,128.65899804435668
3811,953000,425.7333333333334,127.97194136910551
3812,953250,433.0666666666666,127.95110177112365
3813,953500,434.2666666666666,131.46666666666667
3814,953750,410.1333333333334,130.6601358912163
3815,954000,425.2,128.28936043179885
3816,954250,422.9333333333334,133.22769148258098
3817,954500,427.8666666666666,130.87272867603514
3818,954750,422.5333333333333,129.34460431988134
3819,955000,430.7333333333333,135.22465258475123
3820,955250,431.8666666666666,131.48664486470776
3821,955500,430.4,129.115004722319
3822,955750,430.2666666666666,131.61263026185765
3823,956000,433.66666666666663,132.66666666666663
3824,956250,433.8666666666666,132.26666666666665
3825,956500,432.8666666666666,129.97668166935858
3826,956750,424.0666666666667,134.43848655302048
3827,957000,427.2666666666666,137.2851695478349
3828,957250,431.6,136.79999999999998
3829,957500,432.0,133.67888555955443
3830,957750,426.3333333333333,132.5332662642352
3831,958000,410.3333333333333,131.54568281272734
3832,958250,434.2,131.6
3833,958500,431.8,136.4
3834,958750,410.4,129.81891661507237
3835,959000,425.9333333333334,134.4153430395669
3836,959250,434.1333333333334,131.73333333333332
3837,959500,384.8666666666667,143.54799429691334
3838,959750,434.6,130.8
3839,960000,431.0,130.62924634246346
3840,960250,430.8,132.96826689101428
3841,960500,407.06666666666666,133.17814301820616
3842,960750,432.7333333333334,134.53333333333333
3843,961000,433.8,132.4
3844,961250,407.73333333333335,129.60099450921578
3845,961500,401.8666666666667,128.37680648950746
3846,961750,403.5333333333333,131.5584534215368
3847,962000,429.0666666666667,132.88982905650332
3848,962250,406.0,130.45152356335282
3849,962500,431.66666666666663,133.19426080395172
3850,962750,431.6,133.49163935534608
3851,963000,429.6,138.8086452639028
3852,963250,433.4666666666666,133.06666666666666
3853,963500,424.9333333333334,135.47700091815503
3854,963750,427.4,135.10397641980953
3855,964000,426.1333333333334,135.42256499974852
3856,964250,417.0,132.68576076999037
3857,964500,406.0,132.59110075717751
3858,964750,407.8,128.6614161277576
3859,965000,435.0666666666666,129.86666666666665
3860,965250,431.2666666666666,134.65122023625003
3861,965500,422.5333333333333,133.72369523262012
3862,965750,434.3333333333333,130.00410249936985
3863,966000,426.33333333333337,133.61802938891807
3864,966250,428.3333333333333,128.0885110642897
3865,966500,428.9333333333334,133.31573217157998
3866,966750,426.8,133.4668664667169
3867,967000,425.0,133.0390084816396
3868,967250,431.66666666666663,136.66666666666666
3869,967500,429.66666666666663,129.47346360462353
3870,967750,418.0666666666667,131.5511560825927
3871,968000,417.7333333333334,132.34003341560876
3872,968250,432.8,132.40906313391088
3873,968500,432.2,135.10055514319694
3874,968750,422.8,133.49217205514336
3875,969000,392.2666666666667,138.2016883640235
3876,969250,424.4666666666666,133.33893321573828
3877,969500,421.0666666666666,129.96108819352216
3878,969750,430.8666666666666,135.94534849629014
3879,970000,428.2,129.12381654830375
3880,970250,426.0,135.68853222648468
3881,970500,427.4,133.99641786256825
3882,970750,431.33333333333337,137.33333333333334
3883,971000,405.2,132.72152969448643
3884,971250,421.8666666666666,137.14446559903337
3885,971500,429.9333333333333,129.57201343911677
3886,971750,424.5333333333333,132.44933622584395
3887,972000,428.4,135.66337424342322
3888,972250,429.6666666666667,130.7373958233323
3889,972500,430.0,137.3488664354792
3890,972750,427.8666666666667,137.6968651301353
3891,973000,430.1333333333334,139.73333333333332
3892,973250,423.8666666666667,134.83629580593896
3893,973500,430.9333333333334,136.96964789486918
3894,973750,430.4666666666666,139.06666666666663
3895,974000,396.33333333333337,140.69036135349776
3896,974250,434.1333333333334,131.73333333333332
3897,974500,430.0666666666666,139.86666666666667
3898,974750,407.2,134.37089631976778
3899,975000,420.33333333333337,133.54316821828732
3900,975250,425.66666666666663,134.63597009879803
3901,975500,427.2,136.93771495748635
3902,975750,424.2666666666666,132.97926321214314
3903,976000,419.66666666666663,134.4278410317016
3904,976250,428.0666666666666,135.52669273779406
3905,976500,401.26666666666665,135.6427333516658
3906,976750,402.8,135.70320556272796
3907,977000,430.0,140.0
3908,977250,426.66666666666663,135.14453168531995
3909,977500,426.8,137.8968374466136
3910,977750,430.8666666666666,137.76721106433288
3911,978000,427.2,133.29492780214025
3912,978250,422.8,134.9886579597626
3913,978500,426.8666666666666,131.9345965915604
3914,978750,423.2,132.84754838201235
3915,979000,427.8,135.26001297911776
3916,979250,430.8,137.4021833887657
3917,979500,424.66666666666663,134.92779962302473
3918,979750,406.93333333333334,134.0890914446229
3919,980000,424.5333333333334,132.29841688815145
3920,980250,422.4,131.05018546767155
3921,980500,425.8666666666667,135.4844148478587
3922,980750,427.2,132.51324462105666
3923,981000,423.7333333333333,139.58261591855438
3924,981250,422.1333333333334,131.14243317011383
3925,981500,423.33333333333337,133.6290055007187
3926,981750,424.5333333333333,136.11916348063068
3927,982000,417.1333333333334,136.01104530310928
3928,982250,429.2666666666666,136.6846167073839
3929,982500,426.6,138.77758384471815
3930,982750,424.2666666666666,134.80362672338524
3931,983000,413.4666666666666,133.2348969969121
3932,983250,425.0666666666667,135.21134074724156
3933,983500,430.0666666666666,139.86666666666667
3934,983750,428.4,132.00090908777864
3935,984000,428.2,141.60847432269017
3936,984250,419.1333333333333,136.9278155331
3937,984500,423.4,133.94731966129237
3938,984750,426.2666666666666,138.64204909686592
3939,985000,430.4,138.53429579389757
3940,985250,425.33333333333337,133.29332733153265
3941,985500,430.2,134.65570912516114
3942,985750,418.9333333333333,137.32336533404163
3943,986000,432.4,135.20000000000002
3944,986250,424.5333333333334,140.66865717391033
3945,986500,431.33333333333337,137.33333333333334
3946,986750,408.73333333333335,136.48547338249753
3947,987000,405.73333333333335,136.00496722955054
3948,987250,430.2666666666666,139.46666666666667
3949,987500,430.4666666666666,139.06666666666663
3950,987750,428.2666666666666,133.85023139481098
3951,988000,431.1333333333334,137.73333333333332
3952,988250,409.8666666666666,133.72435995152284
3953,988500,430.0666666666667,137.2155481957736
3954,988750,428.66666666666663,137.3954552054438
3955,989000,432.2666666666666,135.46666666666667
3956,989250,404.66666666666663,135.69884958162976
3957,989500,408.26666666666665,132.36824056816315
3958,989750,387.6,142.41073617455172
3959,990000,431.66666666666663,136.66666666666666
3960,990250,431.8666666666666,134.77167523053367
3961,990500,382.0,148.69670847436777
3962,990750,395.46666666666664,141.06808442891838
3963,991000,405.3333333333333,134.56695978830265
3964,991250,429.4,141.2
3965,991500,411.9333333333334,136.71680381154485
3966,991750,377.26666666666665,152.59130599961017
3967,992000,427.4666666666666,137.206672983172
3968,992250,428.8666666666667,139.61528092106062
3969,992500,429.7333333333334,140.53333333333333
3970,992750,428.1333333333334,140.09545951877877
3971,993000,431.2666666666666,137.46666666666667
3972,993250,405.6,133.22568988166074
3973,993500,427.2,139.67734247185547
3974,993750,394.93333333333334,139.86761995226453
3975,994000,424.8666666666666,136.69749245851017
3976,994250,424.8666666666667,137.94936269032442
3977,994500,432.0666666666666,135.86666666666665
3978,994750,433.33333333333337,133.33333333333334
3979,995000,428.8,142.233391922494
3980,995250,425.5333333333334,139.14909669527546
3981,995500,425.1333333333334,136.0100649870361
3982,995750,429.0,142.0
3983,996000,427.66666666666663,136.32575366052853
3984,996250,424.4666666666667,137.8072083262217
3985,996500,429.6,140.8
3986,996750,421.5333333333334,137.80688581409052
3987,997000,425.4666666666666,135.50130790676687
3988,997250,425.66666666666663,137.6136298159129
3989,997500,423.8666666666667,137.60242245929638
3990,997750,423.0666666666666,133.11204970917464
3991,998000,428.6,135.5857088503226
3992,998250,428.4666666666666,138.61050144599835
3993,998500,429.6,136.0182013963981
3994,998750,417.8666666666667,138.70553942314876
3995,999000,424.6,139.42650792123823
3996,999250,420.0,130.93577730237746
3997,999500,422.4,137.4490451039948
3998,999750,419.8666666666667,134.75320651719824
3999,1000000,421.1333333333334,137.69751066901844
